7648 770
31
70
91
86
43
99
61
22
35
72
51
46
57
44
34
87
91
18
82
17
65
27
55
92
99
73
71
60
89
94
37
82
12
67
77
49
34
84
68
28
71
95
52
86
79
38
60
20
51
30
55
41
81
32
99
19
44
94
16
51
49
22
80
47
74
40
20
60
55
90
35
55
90
24
43
10
96
56
22
41
75
54
11
74
56
67
82
37
5
29
34
91
73
26
80
92
71
13
78
33
40
14
81
30
99
31
96
25
89
12
45
33
58
12
43
25
16
25
79
7
21
47
56
51
52
51
86
27
90
66
38
86
53
65
7
41
41
85
67
81
15
55
93
97
15
86
45
57
62
78
46
39
52
82
48
54
63
30
32
66
91
39
6
51
71
30
73
93
16
35
76
61
89
65
6
79
83
83
25
53
52
32
82
56
30
25
11
20
93
84
18
46
76
37
62
10
63
19
86
20
32
85
39
85
17
41
36
64
25
27
50
93
72
32
5
71
56
54
98
59
12
69
37
98
51
33
5
15
76
12
68
17
95
39
32
72
51
21
6
35
50
76
70
43
48
16
12
15
57
84
66
86
52
14
59
96
83
86
58
75
9
12
15
15
47
97
70
61
5
59
59
49
19
27
67
63
57
32
49
71
36
57
33
48
43
5
68
53
51
25
12
48
97
85
97
51
16
77
100
74
8
81
91
21
52
97
64
77
36
34
50
14
80
28
99
86
24
39
70
100
24
66
21
94
36
54
9
19
95
92
26
7
12
36
33
60
14
43
26
51
23
31
94
70
27
39
11
44
59
47
8
92
8
13
81
52
75
94
93
57
90
60
73
81
92
93
84
100
13
50
5
66
80
92
49
6
48
75
51
65
98
65
97
31
67
12
72
55
84
91
32
21
68
95
45
58
99
86
16
67
63
27
72
77
12
40
98
47
40
42
47
26
75
51
64
86
86
7
20
57
27
69
55
65
36
23
42
19
77
76
78
33
99
81
8
65
10
99
99
69
53
83
9
28
71
75
99
12
76
69
55
15
100
43
10
71
7
59
46
65
73
18
75
16
30
48
40
32
74
89
13
53
92
18
55
31
7
17
87
36
51
66
49
86
47
23
23
70
51
100
79
28
25
22
87
48
62
83
67
7
58
99
86
44
35
51
97
78
41
76
51
23
91
75
64
43
18
7
69
85
45
14
62
94
62
66
25
35
18
41
74
15
45
74
11
82
50
5
35
40
90
28
85
94
60
88
54
53
21
84
61
90
95
42
19
31
29
88
12
75
84
16
55
93
73
59
52
91
31
26
46
91
99
80
19
14
96
76
40
6
8
90
29
65
84
88
85
76
57
42
64
32
15
15
55
32
74
60
64
49
31
10
5
86
39
68
64
25
75
54
66
32
94
22
89
76
15
5
65
63
15
56
98
75
46
75
68
90
43
15
86
36
13
80
41
22
52
9
99
44
17
31
35
93
95
45
84
19
50
31
29
24
24
38
90
73
37
80
13
26
74
11
42
28
14
79
20
80
72
68
96
18
41
57
79
44
71
19
84
98
82
89
9
59
78
82
58
28
93
24
49
24
11
16
57
67
87
56
83
68
22
29
60
51
50
80
53
9
55
89
63
52
28
59
35
62
81
83
7
27
22
51
87
8
31
21
14
98
89
52
89
54
81
55
74
47
61
44
40
6
34
9
86
87
33
33
94
55
29
38
20
26
91
40
9
52
79
14
43
65
98
72
41
76
15
92
90
11
13
72
