6311 921
1456
2818
1181
2369
893
3862
1819
1315
3181
1159
2826
2427
2697
2423
2063
128
2327
615
280
1589
3428
2015
2229
959
3900
3861
3282
3324
187
1095
685
1248
1877
2078
2648
3482
3868
1859
2220
3055
2291
2865
2372
1814
555
946
1015
1995
922
2174
239
3923
2878
3615
2019
2373
520
1691
679
1343
2980
344
1605
965
2241
1859
692
1836
301
706
2439
2572
2689
1036
2366
210
113
1363
2482
2169
1339
1858
117
3943
2363
2175
1592
573
457
1326
3185
1475
1723
370
3479
414
1022
3211
1818
1795
3022
2987
2091
3271
2447
192
3950
2892
2216
1300
2160
770
3633
2082
103
444
278
1255
1099
133
2064
1860
790
2173
3097
3749
265
1724
1326
882
2495
3264
1919
1266
315
3616
449
2716
3845
2121
1564
2530
3236
1235
2943
981
1287
639
3149
831
852
994
3055
185
1791
2697
2842
1922
3915
3861
1353
1905
3428
826
2996
2233
2756
3274
1545
598
1687
619
2564
1392
2326
1645
916
3935
3758
839
3569
1590
2962
2979
3982
3286
1496
700
672
1602
1083
2356
3093
815
2238
2859
304
2637
1620
2556
2216
3568
2452
3901
2021
3672
3755
2800
1583
2787
2975
3807
1326
2324
1324
1125
3223
1952
978
2569
2646
547
333
3379
1401
1220
1850
115
2225
2774
718
1755
359
3475
1563
973
1725
2402
1868
1560
255
1429
3005
3299
2666
2590
2254
522
1127
1118
1433
333
3636
1399
1904
245
1708
784
2664
1642
1572
3325
1296
126
3819
2190
1106
1524
2536
368
2109
891
2483
912
1610
1924
2216
2424
3326
2220
128
2889
1128
1409
2918
1639
924
2607
2617
3823
2754
3894
1730
500
394
1848
791
3768
1882
2655
3790
351
678
3852
1796
3125
3532
3524
3581
2120
1555
3897
219
3056
176
2075
3856
3936
2123
697
1467
1820
1671
861
762
1157
311
1391
2589
2126
3584
3861
1151
3403
643
582
2075
1927
3397
1114
1763
3225
3058
1219
2162
1460
3686
2465
3188
1175
3953
905
191
3800
1588
112
3805
2121
3489
3810
2738
1759
1390
1927
2584
3732
2760
3327
3668
1042
2004
373
3328
3236
3280
2441
3670
158
2301
2412
1778
606
1867
3993
3974
3450
2662
516
1225
512
1361
1995
928
2872
407
1164
2673
372
626
3118
852
1962
3744
3875
1526
1991
1450
1878
2053
2977
2692
931
3332
1772
2786
1798
2192
2046
2719
1029
1510
2495
1131
817
1303
2463
2293
2109
989
3857
2311
2871
2642
2906
1004
3397
3505
1942
1689
1947
3750
4000
2815
2585
978
941
2560
3506
3608
301
161
3758
1748
2844
892
2851
1191
1126
3442
3051
1354
733
2262
2884
3751
2679
2214
2306
2947
2715
3841
3033
949
2293
3878
3613
2732
3131
2403
1608
2412
1509
863
3132
2600
3858
3863
3116
1930
519
353
2245
2888
3322
1662
3606
2081
1359
1638
3261
2583
3728
2800
2602
1581
3998
1628
236
121
1127
1306
3307
1578
1512
1192
1014
1423
1566
1562
936
1274
2862
2536
1710
3260
2747
2736
537
1325
1693
3391
2532
941
410
2033
1699
1814
3168
2800
3524
3231
3570
3985
1958
2820
2608
487
3127
2537
1200
639
2853
260
788
980
712
2323
2512
828
1132
3930
1332
3267
1106
1183
1884
2985
3941
1075
3951
161
1482
103
296
149
1538
3080
3325
2444
2218
1061
547
2423
2004
2349
446
1251
1625
653
2998
2053
887
1142
3287
576
2052
1398
3228
1924
1109
1913
2442
2648
3210
761
757
2824
3640
734
976
3160
2369
807
1461
1719
585
3615
905
1976
2927
2929
1913
198
3334
1545
544
163
2188
2421
2626
3054
3633
1278
2426
1488
1615
2700
2634
613
2992
1055
3312
3644
2084
3732
2584
1501
3837
1746
3007
2198
204
1971
2924
2072
2964
3027
841
3387
3600
1795
3134
1791
1191
3938
3101
2300
952
1870
1121
3265
3051
3668
461
292
2455
3557
1712
2346
2983
1551
2578
2936
1631
1379
1188
2226
1729
2794
813
2412
376
1167
580
2133
2648
2132
2519
3927
1921
3529
2975
3381
3864
3534
289
328
613
2296
2726
1294
1459
697
1991
981
374
1069
165
516
508
3157
3930
444
1059
1312
3801
2893
1422
485
2459
3528
2634
2202
1532
3634
1583
3438
1782
3034
1822
1109
1737
3686
973
458
1301
1743
3174
833
1448
1585
3394
3297
700
1990
2380
591
736
2476
639
2979
813
3210
1653
1036
3618
3075
1273
3769
3029
2229
2784
1880
294
1195
1214
383
1123
1952
1980
1044
1123
913
1059
3438
3876
1279
3718
1530
1797
3549
2791
1125
3236
1323
230
3018
1341
1510
2847
656
1398
225
509
3083
3689
2778
3281
1165
1774
3050
3644
2179
3649
2802
525
948
488
3414
3045
3282
1080
2322
2937
2957
2423
2106
3528
2570
1727
1142
3703
3740
2616
2713
1308
2785
894
1661
1377
3812
2901
3696
1852
835
1205
1759
1837
415
864
3694
1322
4000
3793
3499
1128
3320
2930
1398
2381
3281
2018
2432
757
193
3019
1427
1687
2826
3229
1253
304
3881
3520
3902
182
203
814
2424
3063
1159
3178
2807
3546
3241
2144
2746
702
3663
443
1062
3560
3746
3669
3448
1950
629
175
287
1336
428
1533
2985
107
3086
1788
2854
650
2373
2486
2440
924
939
3330
432
630
402
1828
1889
1547
1083
602
3833
3950
587
1458
2906
2877
3752
1465
116
1428
531
3352
1540
1022
3429
2177
1448
2149
1864
1839
2754
1708
328
2366
1382
2892
3975
2470
3229
1343
1832
1835
2927
2994
217
877
3059
3358
992
2530
1813
1645
3124
2601
2863
2414
2717
1778
3786
2975
3731
3773
1495
3052
2817
1237
207
780
2490
730
3517
539
2709
2258
1269
2037
378
3019
828
1920
866
2707
978
415
1810
2216
3913
370
2706
3058
588
2116
603
2482
1430
3570
2485
2292
3945
1734
1370
1494
2188
3483
3708
1265
3364
1500
3707
197
2008
2368
2420
2953
2506
2071
3021
2513
382
1690
1154
3603
435
2772
2448
1748
3395
1090
450
443
3671
3712
3945
512
1073
2623
1831
1488
2835
2392
2113
1114
2259
1154
419
3284
3301
1568
2123
3480
1764
3753
2725
3822
2026
1471
2545
1385
1699
3550
3621
3707
3918
220
238
2073
401
2778
2094
3453
1168
1789
2615
3371
3239
3433
2145
3295
2825
899
3155
3663
2608
3161
2278
1265
121
3885
1912
1750
1344
128
3837
907
2140
1201
3533
1076
1653
1670
2051
1489
3509
713
1111
574
3088
1792
695
1472
105
2010
2326
136
2070
662
3668
2497
2265
2064
186
586
2149
2701
3569
324
1324
354
452
1278
2476
1961
282
3631
293
2985
1240
574
3512
738
2709
3947
875
3935
3407
3696
2311
3745
3815
3004
2882
978
1153
451
2733
716
2096
1823
2096
2171
1967
643
789
3104
357
2950
618
578
3116
1745
3267
3076
3724
462
3581
1642
2377
2923
3475
1462
3921
3908
1572
635
648
2935
3697
845
3569
870
1174
1147
911
3186
3534
167
2680
1598
2169
3266
1025
3889
456
1530
1217
3991
838
3594
2741
3670
1221
3298
1286
1660
3646
1022
2862
3059
3279
2908
3187
2444
1867
1194
920
1971
732
306
2076
3400
2224
2314
2680
1342
3785
1704
2507
396
3298
432
2407
3964
1975
2010
247
1838
639
2564
1403
2359
560
2381
2357
1010
939
1134
1240
3463
2695
1010
1384
1345
1947
156
2491
1899
1347
3630
168
479
3501
3528
1666
490
1001
2571
2058
1260
665
3484
524
2712
565
2364
298
317
2586
3102
748
3328
2538
1587
2429
504
3413
2235
1900
136
3499
600
1892
1735
2451
2569
2935
884
1095
1191
839
922
1457
2800
2823
222
712
3904
275
382
1035
639
315
2358
1522
666
982
416
2161
1733
3251
1835
2643
1079
3760
1385
3739
1375
3146
1753
2637
1338
982
236
3890
537
2901
219
3667
412
408
2893
2255
2488
895
1304
1124
3889
186
3136
3240
3298
2632
3514
1027
2382
1414
2615
743
353
3715
3114
1279
2258
3350
391
1434
2338
3304
3490
1502
397
2306
2480
1786
1357
1439
349
431
3984
333
302
1056
404
3073
2504
3251
3660
1329
2399
2669
3102
1170
2315
3765
449
1316
2100
3765
1794
447
3508
1730
1052
2869
732
2221
2559
3523
1185
1251
461
2155
1811
1386
1112
1738
2978
3911
235
1792
3706
2551
3328
2884
2589
1850
3695
3864
3008
3083
3240
2532
3673
180
3976
2559
3086
3933
1135
1857
2607
1010
1587
118
422
1019
2707
1243
376
2620
1126
3747
959
1887
3967
3364
2363
655
1909
2992
1079
114
2995
2339
826
275
2181
2560
3953
2936
3119
3833
3277
328
3096
804
3964
3598
497
2305
425
476
3655
3548
1344
1290
777
718
3642
1708
1611
2847
3138
3143
1463
3891
1939
3325
983
2396
2728
1750
2893
753
1987
628
1179
2888
2331
2814
1330
2290
2187
3953
503
359
1946
2867
1000
220
1708
270
3823
662
3195
1835
1217
3495
450
3259
231
2098
3114
1615
1757
3387
2466
639
2052
1887
3450
3317
547
1057
3417
3345
3509
1010
1557
3771
2128
980
3806
3806
1609
2611
737
2224
3209
128
110
2116
3882
3568
2056
848
195
525
540
462
3796
3672
2659
1164
2473
558
1565
1014
3646
3941
127
3671
3440
1288
3793
505
306
2078
1036
2821
1898
1880
2289
3674
1776
1170
3335
649
446
2085
3191
1489
1045
1360
1253
1387
2227
2300
204
1077
212
1804
2872
2915
140
2284
1122
2376
1484
739
386
1057
2247
3899
1135
2438
1704
1967
3157
3601
1845
2043
3771
629
3142
3522
749
2500
2114
3993
2656
796
717
1676
3852
3847
306
702
3715
3390
1891
1948
1266
513
1502
3167
1791
1352
3694
883
943
1896
235
1305
271
1522
2804
3701
3486
3342
3438
718
2183
3727
125
1137
683
530
866
2697
475
639
1653
1660
953
191
165
3723
2523
2098
3060
1960
1443
3058
136
2031
2150
2452
1362
2750
2023
464
2999
2660
2971
2696
2596
735
489
2263
2399
3486
555
511
3363
1939
207
1526
3240
890
2983
3248
676
2478
2914
306
1021
469
1990
3454
3331
3162
3153
3031
1918
1203
2551
537
832
1236
1493
307
2282
3208
1245
3663
1917
2691
320
1132
1759
3033
3609
3675
3388
3503
3281
2394
3784
1414
1418
1119
3054
2493
842
2326
507
1799
151
946
518
3789
910
3543
496
343
1247
1313
2093
739
294
1433
781
279
2164
1059
1693
1701
2172
147
1356
614
1236
524
2921
3584
3048
3311
2742
3081
2729
3472
3123
2945
3549
2887
1277
3917
3225
2101
3393
1263
3140
2772
636
3682
1568
1781
3661
1234
1817
757
3061
2365
760
910
1206
3263
1185
2490
2448
2064
3194
185
2436
518
3406
2563
2040
2180
2496
1686
1079
648
2279
1134
2067
1409
1965
2316
2812
2127
1185
1851
1137
2364
450
742
3159
3204
2931
2623
838
2757
2154
2856
2431
497
587
3248
1865
899
2608
3090
3838
3577
2123
3949
3359
849
1224
1359
843
1701
1707
3702
2608
567
567
3357
691
1250
1146
2346
2793
2209
2552
3792
221
336
298
3724
2561
2760
1216
114
3040
2914
247
274
491
2991
668
3026
3189
2077
1237
974
2285
1176
1859
2271
2207
2952
3505
2913
1170
3109
464
2480
1808
963
3288
2931
104
870
2782
1046
1207
1949
3014
2871
2378
3159
3067
3458
3549
745
3185
1634
3703
3154
3220
1099
1357
2720
3227
2136
930
2452
3931
3463
3603
240
1068
2150
1789
998
3300
801
2435
640
662
1783
817
1499
3776
3677
1406
2973
559
1292
2733
3609
743
841
814
3847
1695
817
3239
2030
1120
2239
2328
2820
2788
807
1984
690
1067
2146
3651
1854
734
313
2435
2166
2134
2181
2760
2917
1695
694
2140
658
241
1265
2622
1892
2604
382
127
2434
2743
878
257
946
2915
3426
1256
3722
591
1401
2033
657
338
3066
1431
3779
442
1596
1100
539
1723
3154
3455
2555
2511
3603
3442
3152
1820
3696
3410
1783
3165
458
2508
2502
3653
1386
3730
1823
714
2594
3383
1164
2154
2896
1092
3159
1253
433
3043
3285
1226
188
2024
2225
3271
3651
161
664
3373
1094
1489
3402
720
2299
3321
2812
1980
2602
2815
3980
3931
3956
1935
1911
2404
1690
1327
500
2068
253
1216
3468
2960
1581
326
2175
2405
3645
901
1469
2790
3832
1706
3321
2317
3806
267
1517
997
2865
3012
1385
3901
123
638
3785
2077
558
699
1580
1650
1187
678
2317
1810
1653
3475
3940
1440
3412
3331
1624
252
3669
3951
734
1219
1530
2578
3682
1982
613
384
2264
370
3425
2619
1870
2948
1518
1749
764
3266
1563
3797
3871
3003
1798
1379
3240
205
1357
3753
2150
2384
3861
302
2065
3157
502
963
3368
867
1645
3273
1955
4000
1269
3430
2673
3356
3873
571
153
1300
2620
562
3280
1550
3298
3357
2751
444
3010
2151
1670
241
532
936
1302
3758
2413
1434
2882
586
1052
194
1518
2042
1234
1674
3670
3791
1776
1955
1846
839
411
1563
3484
2057
2715
3783
2652
2966
3279
319
3980
238
2115
1761
2835
583
2077
3944
1055
3644
936
2943
3349
1820
2673
2090
3665
3525
889
3891
3917
2270
1374
3823
339
2197
837
780
315
3135
573
179
2979
2697
699
3472
3879
820
3220
1447
2224
765
1856
3362
777
3834
3565
3899
2024
1722
1709
1196
1176
2618
1148
3636
3688
3123
1478
3607
2438
3156
1203
1473
1855
948
674
2001
1163
3714
2173
724
3478
3376
3192
1662
443
3075
3060
1940
802
3011
3283
2667
1619
995
3625
592
2895
892
3363
1384
1709
2872
3484
1592
1300
3562
3665
3758
110
1422
701
3586
3324
3473
572
2028
2097
666
3669
2588
513
3699
1075
558
1541
244
2902
1489
2387
2083
1427
3390
3424
1658
769
3097
3562
3376
2353
381
1784
2633
2660
3481
1704
2629
1356
3600
1762
1327
1646
2838
269
2966
2094
3969
3531
1573
746
1000
2278
1484
2915
180
143
3713
2911
3317
1496
864
3512
3328
298
2379
1040
1803
3538
3199
1416
3507
3129
1229
1673
1513
3768
2506
802
187
1556
2737
1604
3054
1930
1558
2414
2244
1254
1366
648
2710
2683
3743
1640
554
951
3574
2255
2591
265
873
1568
921
1295
3811
1796
3566
3179
3781
2640
3613
3442
3089
1232
3401
2081
3754
474
3962
2587
2801
774
1607
723
2836
2007
3446
2205
2658
166
1779
3184
2940
1711
1593
1565
770
1753
1764
2032
3426
3544
3707
3860
2189
2344
2889
1595
2015
1878
2438
1138
1952
1125
1845
2139
427
2480
2212
804
3666
2035
1880
2523
1096
2778
2267
3321
1282
2158
258
2454
3422
1378
850
3993
247
3949
1501
3616
1133
3049
3861
511
2186
2046
408
3086
1224
2553
1489
296
3991
3577
2270
1048
934
3305
1933
3689
938
2383
1957
475
3707
2962
3815
1834
303
1866
2484
1964
3587
2551
1143
1301
3712
2994
2893
1073
1803
3185
3203
184
2313
3329
3626
2995
2666
3793
1474
685
745
3237
2933
785
2759
2930
1572
313
3273
3579
2756
1392
1890
2163
3925
1196
2467
247
2332
1635
2226
3827
434
2777
3959
1979
2078
3103
2260
1352
1196
2280
3057
248
590
2402
2733
1933
3752
1772
2536
3103
3215
3454
2041
640
1667
2075
3947
1410
767
3577
1129
1937
992
2271
3678
3417
2570
3806
1970
2282
3085
801
3226
2386
1487
1999
3236
3031
965
275
1219
1490
2168
1613
1173
1432
101
206
1345
945
2214
876
3767
1688
2125
2996
3664
3634
3194
3983
3254
1157
1960
2003
559
129
319
3845
755
2641
1365
1686
2659
3065
3307
3433
1355
3902
2012
2346
3949
2047
3985
737
2609
1008
2603
1631
3569
3888
2197
2174
2346
997
2735
3396
2061
708
3528
770
3568
3189
3904
2582
124
842
359
1188
857
1425
1404
3430
2991
1906
3505
2940
450
2468
167
3166
2001
3000
141
2919
2089
600
2604
3466
2212
1758
2005
921
1676
3623
524
713
2280
2884
3086
2933
918
3371
1674
1952
1148
333
2823
328
3604
2558
1220
2140
2858
2970
2913
904
2009
3714
2494
1585
2803
1005
2058
3666
292
1663
1762
2382
3810
1226
1829
1121
688
2229
136
2654
642
2437
1381
1956
3752
1031
2710
3893
446
2009
2503
256
2071
3708
1946
3435
299
3799
3535
245
983
1172
3861
1903
734
2915
733
3523
2030
3633
625
2978
252
578
381
2729
2908
941
2071
3036
3430
3457
3965
3100
2967
3135
1794
1071
3852
3102
3958
607
3160
1158
3358
1648
3905
2577
2239
3404
3447
2111
1516
3885
3559
537
1100
1357
1631
2603
976
2661
3702
1007
613
3023
697
2311
3172
3871
2248
2990
1398
2314
2112
2614
3102
2387
1689
3508
476
2818
2079
709
2513
2951
1263
1269
2837
1186
588
3929
2463
1685
2925
929
1816
3190
1245
2411
3656
1413
3788
1264
3865
2444
1435
1872
2693
1925
3519
679
3033
3501
3097
482
1057
3620
3228
1874
1156
2382
2831
1066
3970
162
3151
927
568
1339
719
2356
108
2231
2242
2522
3459
425
3099
992
715
609
3090
855
169
1334
1088
3208
2792
3763
2047
129
1535
2034
2355
3069
1582
1143
1011
357
2729
2162
3527
1461
1526
2152
2132
2571
2528
406
2033
3501
491
3268
2197
2659
932
1475
1349
2245
687
1142
2338
3248
926
1569
2724
2937
501
3492
1662
1349
3151
2194
146
1665
552
1102
1370
1832
3659
1651
505
858
2291
1064
3112
239
1124
3968
1281
731
1128
2522
3988
2312
3625
1328
597
728
1849
3247
3523
3808
2183
2398
2364
2912
2575
1897
1452
1810
3639
3183
1928
3254
2005
2662
2683
3494
1049
2321
1195
306
3549
2407
3138
2040
3464
1263
110
2391
1203
3401
2094
3940
318
2654
2209
2466
2326
2353
519
2849
3276
2670
3244
2576
235
933
3175
825
2906
3134
699
1935
3717
3168
3273
1488
3074
1906
1793
570
3504
1574
1468
3408
1045
3594
2571
1913
575
2376
3648
499
1489
2749
1902
1910
2784
543
187
1601
1026
2686
2850
1119
1363
2529
795
2004
2231
104
3080
2623
3166
2563
867
1606
2313
243
1523
2819
3849
2315
1316
2991
762
3947
2627
395
2105
2220
385
1025
2488
2176
417
1664
152
1249
217
2654
3779
908
3075
3954
1369
411
2549
1183
584
1818
2084
2085
412
1864
611
3769
2831
588
2096
2842
243
2347
117
3252
1176
870
1164
2298
1019
3046
1259
601
2584
1527
3194
1218
2552
644
3965
1947
1554
827
3512
3686
763
1256
3044
1613
936
361
566
3033
2848
1357
3919
2906
2068
2750
305
1263
2309
2720
1086
3765
2759
3280
2662
2074
248
901
1691
2679
1353
2047
2682
3459
1270
3597
397
3230
705
773
3349
3310
2355
578
3331
3013
1000
3447
3133
981
1373
1197
656
517
320
634
1328
2256
217
1029
630
2490
860
3568
1995
3357
1863
216
3902
2938
2173
3386
1091
2470
845
3402
3970
1846
2074
2163
3126
777
2589
2800
1905
289
1377
3357
3879
3796
2485
2187
3213
2244
3182
2231
1844
584
1244
3941
309
515
2716
3958
2560
1732
204
2590
3156
1905
2316
1879
1032
177
2514
3394
960
3559
3720
727
1758
2291
1702
2766
2491
1447
2280
2218
1687
2775
1472
2034
2216
1578
580
2325
1065
2772
1651
3612
561
1446
1458
3408
1111
2664
1936
940
1039
921
3311
3914
893
713
3239
691
467
3863
486
919
1303
1603
3560
834
2987
203
3359
2435
178
2415
373
3571
1079
3439
3915
2522
3651
1952
2935
1468
1880
2304
1420
2633
1793
702
1835
2070
1278
875
1583
3004
314
2554
266
598
1615
1194
3728
3182
3817
1238
2250
3787
3220
3014
1498
1654
711
382
809
952
2328
1971
1408
1378
1998
3045
3382
2766
3086
3949
1295
978
2811
1665
2036
145
1326
3634
2816
1643
2062
1835
3387
713
1079
2170
3141
166
2594
1389
597
3335
3897
2329
2228
1648
2581
1044
1337
2034
3447
956
3493
2083
597
3702
3659
1452
2360
416
2814
2173
2082
2338
1062
3454
3065
1696
2253
2276
570
271
2807
2058
2957
2726
2807
382
3491
806
3267
161
3402
1832
2575
2374
3098
3356
3985
682
1791
1703
2177
3201
3116
1317
286
1611
250
1544
3680
2156
1712
394
2512
294
1908
3353
3808
1669
1852
3384
3990
487
1606
430
1402
3117
2131
2478
1114
3315
498
3277
672
3960
1033
3367
3190
3651
645
1819
1484
2982
2361
1036
400
978
551
888
1398
2106
3366
2251
3457
1793
264
3773
2204
3832
179
2994
2527
541
2674
1601
2225
1067
3305
910
2929
369
1854
2271
327
3643
1274
968
2328
415
1864
2040
3409
2361
2223
3573
3301
1708
356
3611
3229
1909
128
3659
903
2883
2552
382
2996
2667
3615
3746
1711
1931
476
1248
2464
3427
882
113
3956
1853
332
825
2801
1392
3573
3543
3286
1956
1229
260
1258
3199
3683
1696
1464
215
3294
2713
3684
1059
598
2206
1029
945
2659
3025
885
3048
1042
3834
1494
2254
1472
2181
3380
3107
1585
464
2347
987
3626
3574
2458
2366
692
593
3570
3003
640
3669
2605
2362
1616
493
2623
1947
3836
1499
2160
110
929
1819
1998
506
2624
140
1737
2540
3851
3998
2542
411
3680
315
2167
1953
867
207
1399
3183
1171
3920
429
1394
894
1838
476
2149
2759
212
3120
311
1885
2539
1302
2009
1229
1275
1322
1301
1306
1827
1039
592
3148
2485
1697
458
1891
3535
3510
3114
2477
1197
916
2057
1240
1973
2441
1600
1926
3548
3188
1190
2187
3862
3644
823
263
2896
862
3052
1746
2406
256
1795
2620
1315
818
2876
2639
3323
2176
1155
1934
964
1048
2211
2151
2713
1011
3769
1969
2432
388
3398
1890
2175
523
1522
2238
569
3970
1416
938
1580
883
2439
260
249
410
3974
1541
3262
140
2151
773
2614
2311
2135
1522
3460
1714
2090
2649
3267
2127
2353
3100
1654
721
2281
3348
1768
2528
3282
1362
3578
3355
1853
3787
3646
2643
3503
2062
696
2425
2213
520
2341
2079
107
2406
353
1155
990
2176
1415
998
2430
2491
918
2427
424
3054
2493
2247
1078
3866
1873
3110
1860
1906
3354
3680
3532
2036
3853
3942
2332
1944
147
2390
3288
2123
3642
780
1268
485
2814
1603
3254
3457
1893
2157
2186
234
2933
2130
2996
3785
119
1304
3620
2923
769
2318
3367
2634
982
2397
3219
1364
3647
2663
2639
3994
3788
3627
2332
966
1083
3568
1986
397
3740
1568
1074
495
2712
1007
3070
515
1845
1621
1016
2396
321
2613
2763
894
2826
2961
2251
1475
3188
3267
3956
3418
910
1639
3767
2871
3833
2812
325
2861
2844
3440
1977
1103
2721
3513
1200
2604
486
2787
2402
3705
780
776
2635
3891
2531
1707
936
2699
3193
1017
404
2302
3221
2512
3085
3365
1657
761
837
131
2246
2300
3804
118
3174
3556
1724
1935
3329
1943
1866
2743
2197
1314
177
2014
2038
2779
2875
2547
2489
2184
3419
3525
2915
2778
3695
3067
492
1634
1446
1594
3574
1746
1235
244
2907
3822
1057
1445
3510
2084
364
1283
1079
1916
3374
734
505
2252
3737
1573
1402
3718
797
2125
1474
162
3835
1338
698
3737
1299
3813
1062
3191
3634
727
1510
3100
1874
531
2831
3355
3063
3757
431
2574
1652
2998
425
1275
1088
1794
3796
2564
1044
3435
2469
110
3899
666
3115
1474
2384
2849
1581
876
2299
2551
2725
3207
2234
3144
1749
183
3903
3330
3465
1412
2063
771
3425
1799
3259
1432
1170
704
3116
3148
3002
2918
3755
1107
2321
187
3554
2477
215
3385
2727
3982
2905
2958
3765
2087
348
3950
1795
464
2623
1639
2002
3050
1493
2303
2260
1053
2320
173
116
513
552
2028
1557
1274
654
798
747
2592
1110
3563
572
1613
3523
1966
3498
2665
1793
1268
2745
2085
2274
3667
1110
143
2100
2515
1656
2776
3726
3046
1090
1063
1354
249
1951
1081
2971
2911
416
1362
1915
3568
2304
3242
1126
2937
906
3570
2675
374
2388
3831
637
2675
1071
3986
1624
754
934
2840
3415
2753
1030
759
3915
3380
2895
2317
825
3856
1765
1683
1653
3554
3204
611
3371
835
2692
1339
109
1184
3415
3987
1231
3800
3308
2563
3618
1626
1573
1443
590
627
1603
3232
2796
2128
1371
835
1497
3651
1890
2566
2482
3264
2604
1912
2162
383
691
444
1258
758
1168
1787
2531
1225
926
224
2504
2476
2837
3239
212
1472
205
3968
1539
2783
618
1362
310
1535
2471
2450
554
3139
3486
2374
1122
3242
3609
2202
433
3167
2443
2831
356
3697
2600
3104
1353
2980
1372
1660
1826
717
2840
1161
3284
859
2236
3670
2450
3062
3504
2033
362
2215
3441
738
3455
3335
2331
3841
3294
3553
1107
1948
1828
916
3233
958
3174
1107
3451
449
3577
386
336
1094
1288
1305
1037
275
1388
1296
2872
2055
1117
1856
3184
333
2117
2873
2160
1670
3780
2323
507
3426
160
2679
598
1882
3554
2957
2105
2213
3900
2188
2917
3220
3816
2306
3583
1887
2651
2971
3066
1885
2687
472
3835
3317
3971
249
3079
1564
1047
1143
3897
3262
1201
3176
2836
427
3013
3645
2125
2824
2314
1844
3222
2327
2835
3444
362
2811
2886
3666
2591
2094
1322
3568
887
913
3487
1630
2034
887
2054
2824
3484
3525
1574
1402
2807
3754
1765
558
2617
1185
818
2290
2397
2115
953
2314
3747
1284
900
971
2216
1283
2917
2410
1253
3151
3244
180
2509
1287
1949
224
3848
854
374
2572
184
3747
2500
1967
3990
1911
3094
1099
1292
617
1747
3986
3454
3455
2577
1533
3388
3353
2558
930
384
1519
1175
3193
3958
1877
2083
3575
1339
3503
2599
1242
2650
2382
3405
1078
282
1226
3396
174
2632
3474
160
2415
450
2800
509
3936
3037
128
1702
1439
2799
3940
812
256
3444
2324
1080
2463
3435
503
2733
2135
366
571
422
815
2595
3944
1311
3681
1784
2577
736
384
3776
2895
2740
1332
556
856
2307
3352
2003
452
3030
3387
1760
996
262
626
2719
330
1052
1321
3929
3041
1955
1680
3390
3896
3691
3535
3452
3170
3173
769
3860
1861
3073
1382
645
622
1932
2494
3076
2701
2179
3806
1824
1552
2624
1539
2982
1545
1315
1003
3260
2565
3448
3781
1840
1609
1824
2402
1650
1689
2391
1634
3110
2597
2278
188
2808
3796
1901
1088
776
2404
3669
278
624
1741
481
3655
548
839
3544
2144
1900
605
1463
2259
2074
3935
2333
383
2019
650
2242
2482
3119
2867
689
2300
745
1484
2823
2424
3583
1088
3319
1988
2969
2583
2671
3069
1379
2925
1098
1537
3561
944
2555
1933
3854
2170
535
1059
2840
1054
3784
570
2514
1896
2414
2143
1180
3167
3824
1463
2952
1985
1329
1942
1942
2791
1194
3075
2906
3251
205
1541
3164
1867
263
3352
1805
922
1415
2995
3727
648
1865
3752
1569
473
3757
658
3224
1495
2328
1341
1390
3243
3905
2044
166
2448
500
1711
3983
2089
1527
2441
642
707
187
3787
1837
1499
392
2279
1176
2322
788
2940
3451
2592
652
237
3615
2449
3539
1766
2583
2704
3611
446
217
2179
2714
508
1205
2427
157
1914
2635
3506
1317
1412
3929
2040
509
1512
1171
2356
3734
3874
3284
2693
290
1975
706
2688
3638
3731
2778
1336
2817
383
2497
428
3865
2954
359
2485
456
2304
2859
1510
3287
2860
3974
1539
2482
806
2780
2050
525
2917
880
2653
2227
2330
3877
3512
1129
710
3757
754
3080
2283
2844
567
466
1163
200
3862
1338
2626
3900
360
3866
1011
2586
2256
1715
1228
1852
3814
2137
2190
3870
1887
1052
2840
868
832
1319
262
1243
930
1155
586
1466
2166
850
3244
2868
1548
3872
2520
1040
1683
1847
2832
2348
2015
3568
2118
2941
1937
3789
296
1813
213
2366
3185
3302
3888
2917
1542
1232
2325
2704
2358
1243
3898
3991
2635
392
1108
1026
1037
3993
1136
554
2231
3275
2101
1656
1870
3534
2784
3699
569
2422
3188
580
2335
1334
2914
3575
1290
3137
1349
3631
405
1741
2880
2541
2629
1453
3238
219
1549
458
2498
1953
275
1239
625
2202
2035
1542
1868
2270
1152
2569
3119
1844
3549
1061
3120
1131
1737
173
3535
3364
1964
3559
2908
1354
2655
3232
119
1241
1902
1862
3476
3318
1706
859
1696
2884
183
852
3383
2160
1258
1138
2311
639
2052
1303
2237
2110
3354
662
3843
344
3095
1007
3182
630
2715
852
665
1355
2596
737
709
2783
2984
2671
411
2830
2792
1769
397
1299
2049
1906
348
1379
2338
3829
159
3959
1325
1842
2294
2014
471
819
3985
2008
418
1683
2664
722
3213
2648
3759
1366
1391
2545
306
1228
3016
1569
3753
1209
839
1610
847
3235
3396
458
2555
1818
2300
609
3845
2381
3635
3901
2922
3757
3078
534
2015
324
1496
3046
3442
1938
2298
573
2348
2972
1712
1194
1660
3768
1191
2337
372
1965
1267
3154
1823
3586
846
3198
2872
2719
2058
710
347
908
1350
2860
760
3144
2540
3811
981
775
3203
1001
3280
2169
3376
3459
1366
3936
3673
2804
2178
2475
541
1942
1431
3514
1528
3573
2807
2176
2723
572
3194
1609
3551
3659
3435
3196
1352
521
3544
2765
926
362
1475
1694
3472
759
105
3133
2728
980
2502
1697
890
3728
233
1358
745
3022
219
3139
2724
1819
617
348
2478
455
973
2731
280
1744
3133
2056
248
408
2128
1489
1872
3592
1829
2116
3436
2408
2703
2788
1814
3904
3793
3550
3962
2356
759
1984
1001
3400
1564
3693
782
976
1311
2698
2745
2048
3510
2309
1515
1597
3597
2995
2845
203
582
3489
437
812
3810
174
2143
283
2347
3039
762
156
2440
501
2240
1344
2477
3257
132
2285
2401
3450
1741
275
1690
2928
3229
775
1121
1152
3982
3736
347
2454
3281
1912
900
574
3333
2325
2677
2973
2117
1376
1000
802
2055
3162
1368
2898
3541
138
1852
3688
1893
433
3446
3443
577
2225
3404
1997
696
914
1717
1816
2835
2709
283
2448
1529
1692
3939
2454
2693
1950
1656
1654
612
3066
752
3539
2378
3792
1253
1281
1799
668
255
1696
2482
890
3180
3749
1471
798
2423
370
3283
3680
391
443
3388
2306
1803
440
3407
355
3427
1376
1390
2328
2492
176
337
1119
2785
1350
2694
2387
919
2769
308
1932
683
1536
2111
1773
2830
1250
2197
1554
513
636
1061
1562
1481
2816
1379
1670
1080
1331
674
648
2346
3431
479
2047
2158
613
2660
565
715
3038
3618
2740
886
3756
431
218
1373
364
3480
3361
599
2030
2703
2169
2095
3341
2599
612
174
1361
2549
1545
1315
921
104
2031
2739
2772
3204
670
3513
511
103
461
3089
1393
3496
1652
2013
2247
3025
1531
3766
2475
3257
1050
3958
2845
3547
384
3286
1157
2185
256
3050
3715
858
1716
3797
3717
3518
1120
3317
2575
130
1589
1986
2277
2100
2739
1322
1645
559
3025
2973
2482
1245
3182
3698
3272
724
1607
1255
1410
3214
2603
3065
2423
3808
1053
3095
2826
2279
373
1160
926
1172
3938
282
285
2626
1645
1739
2050
700
1595
1999
1947
751
3333
602
143
1765
2884
2337
3696
3816
2943
1645
246
159
1061
2754
1070
3991
3539
729
428
787
323
2904
2151
3740
1736
3584
1883
1653
678
237
1047
943
737
707
780
534
2920
139
413
1394
2092
3230
3582
3994
1703
128
3780
3682
1284
3047
3617
954
138
2360
1829
2085
1974
331
1262
2527
3628
2462
3509
3249
978
3489
3041
3956
925
2243
2387
185
739
3750
2613
430
3715
2499
3332
3177
2815
330
1551
2921
895
2498
969
2769
1683
743
264
3638
2106
3411
1127
1508
2747
2414
3452
3287
1923
209
438
601
472
3523
3551
3151
3522
1643
1814
152
3389
851
1618
2698
2937
1913
3368
3907
2883
1752
2875
2145
897
3104
1161
1370
1561
3772
3866
2455
2181
2504
185
371
824
2817
531
823
238
2339
3959
2952
1469
3215
2999
1410
1525
1036
1859
1973
683
3419
1554
2773
3400
531
1717
2684
3392
3053
1989
1277
3769
2246
1953
2651
895
884
2404
766
3299
2247
1867
251
1395
2356
343
1602
2249
2364
2480
2991
3144
1620
804
1243
3018
600
3607
329
3098
2504
1864
3700
380
2185
3702
1327
2961
1376
2103
2119
2108
243
3221
1842
1306
404
1676
3231
1336
618
1126
2704
1412
2372
3891
1366
1677
3913
223
3012
1224
3062
726
2173
1272
1406
763
1963
3170
2580
3181
384
2972
3918
175
2451
342
3726
1195
3962
1800
278
2940
3582
3073
1464
182
3144
1562
3773
1889
1649
2650
231
620
1025
134
118
170
1284
2354
3839
1959
1778
1017
2167
1787
2548
2418
2133
1016
1680
3311
865
173
2285
1249
1813
2686
1814
3057
3349
1373
967
2402
958
2541
2651
2403
998
1976
3345
2899
2373
1481
1067
2543
2369
1718
1560
112
1131
2180
2987
2192
1606
243
2080
2877
263
2334
1838
307
1040
785
1427
147
3845
2335
2221
587
1115
347
3784
377
2882
568
1376
1011
2088
2567
1715
661
1707
156
1933
281
2586
2655
995
1182
120
1315
3481
1827
3554
951
1027
3234
2778
1937
2136
3826
2096
972
1918
2875
2609
1990
3270
1159
3866
503
2989
3549
3282
923
3915
3645
1912
3706
1642
1389
2001
899
1860
3719
1407
2619
3193
2583
1247
2038
2856
3903
1894
308
1762
3145
3646
530
1449
2630
679
940
1934
1764
1729
1706
3738
954
670
3430
175
3171
1681
423
1605
3275
2874
2399
3609
2830
1021
293
2891
1742
863
2987
1214
1754
2439
1194
982
3997
397
3211
2295
280
2991
1009
1642
2890
282
3019
2126
1817
2898
3355
276
1537
304
1625
2946
3096
477
1483
1231
952
2122
1555
749
1661
1286
1576
1991
1902
2789
2508
3248
3137
2278
1296
3712
1392
813
2521
3826
1359
795
3949
1920
3126
3865
3503
652
927
3035
769
3550
3975
2903
1219
3690
728
432
894
3126
1805
3647
1076
801
3807
1905
810
2830
1679
1670
1498
3616
3128
3929
246
2822
2300
3563
380
1430
2155
2321
1587
348
1386
3824
1992
2242
3760
144
3182
3170
2543
1961
3343
3646
3268
3084
1874
2776
3289
1281
438
575
2716
1481
3510
1420
2599
3010
1746
1214
1710
1090
3241
1940
486
3320
1609
2738
2702
2951
1055
1684
2771
400
3014
3182
1627
2895
1767
2024
196
1752
3495
2109
1562
3989
2932
2204
124
3392
2523
3798
3365
1647
3522
2534
2778
2751
1641
300
3721
3042
2087
742
3766
3818
823
2017
860
3668
529
2941
1275
2357
3502
1281
2561
1978
351
1540
1984
455
2016
473
675
3347
3264
926
365
499
1006
3409
3170
1833
3495
770
1243
2549
2653
3870
3620
1522
2736
1967
665
3849
2791
2196
1511
935
3443
1013
2525
2113
3530
683
375
2031
3645
1991
756
3658
1677
1285
545
2194
1194
1894
2075
1001
159
1197
1461
3460
3178
384
1233
3648
2713
505
3650
477
863
143
987
2118
2337
3605
802
3434
2798
2185
1144
654
2401
3513
2725
2024
1248
426
2658
3549
560
795
1675
2273
3315
894
2259
371
674
3536
1619
144
1638
977
1454
2221
1972
1571
3371
2844
3772
1292
1764
2878
2285
1864
2414
2696
2768
3406
540
1311
3664
2487
1669
3812
716
247
1966
1311
1383
3091
2972
3436
1471
2017
3365
2941
1673
1845
2219
793
2001
273
188
3059
343
2738
3745
2290
1585
370
1640
650
1686
2996
2916
175
3773
3717
414
1349
2269
1455
3390
3834
2943
368
3799
2535
3177
672
1159
3581
2932
3212
173
3616
3618
2461
185
1605
2306
1284
920
1232
400
3401
1039
3543
167
937
2279
3700
1514
1890
275
1401
3960
1488
678
3139
3813
1621
2945
3942
1239
2097
350
2516
578
1552
725
2330
727
3739
1196
1610
718
3622
2854
3697
1483
1765
229
3092
1366
2284
828
2747
3173
2990
182
1157
2411
1284
2391
2908
1884
2897
936
3718
1616
715
2515
2786
527
1289
1030
2264
1411
2146
825
1418
2591
1344
2279
3454
3115
3093
2636
1861
2055
2497
3644
2493
2861
639
805
657
3610
2519
2835
2003
3134
3951
2863
1225
3399
1863
2327
3088
3932
1461
314
2206
1348
1507
437
428
1459
1094
2554
2259
2529
3736
1989
1521
3251
2479
2455
2280
2368
3704
1175
2306
394
1850
3309
2314
2574
3557
3708
2552
3708
1841
2019
2523
1491
2627
3264
2955
2034
