9554 791
1008
1050
1265
4893
252
4446
95
1488
3511
1866
501
4164
1457
3426
3163
3917
3263
4384
3623
4650
4931
2286
566
2114
4457
2794
911
2488
4416
4676
2538
2547
1020
1607
1382
756
2982
4666
2547
4574
382
2727
1113
4011
1987
1014
791
660
270
423
4707
4708
3680
746
2075
1339
2508
1340
3611
2389
3674
4581
3423
3090
333
2073
3619
2738
4538
1691
4466
3825
3662
746
2484
3413
2451
3545
4635
3384
3902
3469
4328
2018
4631
4528
720
2481
186
361
2792
1055
2283
1682
2677
2387
1722
1739
3807
1538
2281
2868
4325
2053
3698
3499
4001
3493
4467
3761
1694
2350
4352
3985
1346
3483
384
204
1731
1081
969
2146
4392
1557
3807
2622
1907
4950
1097
3258
3513
1956
4117
1140
3289
1334
1784
208
2979
4796
3579
2834
2494
3691
4421
4963
4439
992
4446
3639
4096
3320
2583
2709
3922
3895
2870
1470
242
1675
3394
1748
2566
4293
1118
476
1936
1258
2959
2433
1455
3906
2444
221
1219
2976
3529
4124
1637
2832
3508
3793
555
726
4193
3177
3015
3411
1337
1608
2005
3664
4946
2334
625
3572
2134
2963
2038
1994
2964
2764
3177
2783
4127
1704
4241
2409
4246
4994
3993
935
1886
2290
1446
3518
2600
3042
1708
4466
821
2627
3103
2956
4500
4408
2047
1914
4231
3848
251
3804
2093
1204
2834
1843
4100
1233
4535
2575
4451
3668
667
2487
2729
4073
3288
3196
4504
3808
2319
1586
750
4920
4351
2650
2626
2650
4889
1809
3381
2762
93
2418
4102
1950
971
564
2349
346
2273
1612
2220
3894
2567
418
134
1301
3106
4551
4375
74
635
1167
163
272
2472
3331
2328
4690
2580
4342
4742
966
946
2053
3725
3639
4636
1698
1915
3580
1327
4609
2188
4922
3163
2934
3394
2814
3352
2889
1733
538
1242
3321
672
1122
1107
4566
2156
4310
628
4044
627
413
2506
760
3680
735
1296
3822
1050
3445
2042
2811
829
3236
2206
4900
363
544
4894
2716
2948
3458
2616
3187
3623
2402
1203
4863
94
2281
743
1206
282
4954
1246
1654
3259
195
199
872
2177
1996
4528
912
1386
3725
251
4353
2085
3660
2458
2157
1351
4587
2121
3104
3415
2694
3372
3005
2762
2267
3136
412
1740
183
4720
831
1350
3073
4750
2669
2835
2473
675
3505
441
1649
3649
396
3362
953
3670
2569
4286
3167
3275
4424
4022
1487
4530
4854
3134
2675
3900
3439
4702
3975
3993
3085
4641
1510
4079
4728
2478
3935
2529
3801
912
2399
4135
556
1167
3158
4782
1679
2253
2162
678
2748
837
2043
2190
4372
4952
960
271
3570
1752
1148
2931
3673
3937
761
4889
786
4196
1396
336
3934
4342
4242
2908
571
4841
1130
3438
379
1099
1227
1804
2258
3547
4969
2626
2239
199
386
4682
132
1503
4767
3219
4311
2244
1878
4246
2670
4796
4825
1205
2561
192
3114
4783
4767
2222
4259
2376
2878
149
523
3068
1241
4733
2109
4439
2036
2252
3421
3064
4689
109
1506
834
2671
839
2869
678
2309
1670
511
4460
2936
3798
1193
110
4162
2659
813
1891
954
3702
3245
465
4300
327
1369
970
614
1314
617
93
1149
1734
3914
4265
3620
77
1767
4228
3333
136
3133
4578
2124
2573
2073
2626
4536
239
425
431
2126
2046
1717
1391
560
2614
3568
1113
4363
2984
155
4739
3005
1091
4861
3971
3336
4729
3754
4802
1796
2198
313
4379
843
3747
3319
3480
2349
2471
1030
3560
4297
2339
1988
624
3942
1966
4783
1607
3722
3366
2644
2969
4539
4212
1533
4678
2475
596
563
411
4478
2077
3677
4418
1523
2154
4850
3931
2634
388
365
1868
2365
74
1248
4169
3349
3810
1640
201
2047
4250
4239
1112
2105
440
4092
4374
614
3428
533
4733
92
817
3619
1007
2344
1886
3335
620
4091
2401
556
4323
3997
413
531
3187
4662
1350
3137
3070
3614
1679
4702
2884
1886
913
3963
1785
4624
4425
1797
1757
1149
3176
2739
4315
625
2317
1989
2326
3547
1695
1463
2994
2732
4437
3615
593
2834
4548
1420
2834
2977
2140
1893
2351
1659
3380
3593
2295
430
4725
3196
1756
4642
1768
4533
4636
1348
2973
2457
674
3833
2223
1047
4653
3956
225
2967
4216
3063
1712
407
1948
320
4357
3846
286
2729
414
919
2683
459
278
1172
1279
3426
3304
3329
980
3706
4633
2220
2114
2303
444
2045
2485
4374
718
1182
286
2427
556
1171
223
406
3674
661
2977
554
392
1788
1474
758
1952
4607
2422
1072
3871
590
3114
4023
3686
1009
3162
334
2637
4373
2345
3734
212
325
3762
4692
2114
3390
2945
1566
4543
3471
4620
2539
4094
1779
3782
743
2514
703
4784
290
3071
3901
4407
1088
711
4387
4589
2166
3192
4898
3605
4039
3101
1542
677
749
579
2264
1577
4523
3087
4086
594
754
2165
4016
4598
698
1254
4521
271
1665
3059
4977
867
3592
2542
4538
1171
4108
3337
1132
1946
324
3325
2358
965
2292
1551
2871
3773
477
2220
2922
2987
640
4508
4093
3803
1274
4934
1310
852
184
4619
4875
3679
3347
4150
2386
218
1203
3278
3017
1927
2683
2358
1353
3913
2649
2499
1355
4179
4119
134
3651
3446
4191
1396
3482
3827
3432
410
3567
1174
1923
2641
2157
3014
3774
1015
4473
2014
1628
2494
1360
1265
4407
3581
651
3026
4354
1147
4161
1842
4690
2098
160
1029
1940
2175
4048
3776
332
2369
1600
2301
1485
1066
2918
3134
2802
3720
3659
1585
2861
4071
798
1596
1171
3593
567
2153
4551
889
2098
2753
4866
2504
4398
175
688
3226
1280
4323
4903
1838
3847
4074
2199
4425
1586
1896
3102
4595
992
2970
4676
3322
4896
1706
4753
3826
79
2069
3328
2560
98
3996
627
1570
4957
452
745
1730
3289
4764
111
3233
217
4887
481
3632
862
4338
650
2819
1101
606
3506
4047
3928
4045
2480
465
1939
2431
4866
2421
558
3286
3221
3714
1252
2867
1042
4653
4436
80
1950
3971
2208
522
1508
4471
4836
3996
1829
4882
2662
965
1082
2752
1218
4035
96
2972
3300
717
2091
761
3287
1667
3468
1209
3544
2144
1256
359
4778
3953
3047
2102
4770
1109
1350
2497
3292
2162
1598
1013
2402
170
2310
3727
4987
1740
875
2286
3971
2959
2388
4251
3759
1101
1141
290
2132
145
3702
2470
2235
3373
2737
4210
645
4415
113
387
4550
2325
3959
3206
4934
719
570
4585
2620
2578
3367
2655
3453
3019
2356
4463
3235
680
4525
2980
224
4351
291
571
1513
4598
1640
4691
3834
4311
1791
2942
612
994
4489
874
1206
1274
272
2417
939
2666
3404
1344
2486
1904
4352
4616
1866
4598
4463
1326
2152
2049
2465
1881
1158
2530
1404
3954
895
3502
4039
2857
599
1824
368
1236
3726
4465
2989
1979
4716
4421
4666
3523
3409
1491
101
4821
3759
1207
2143
2767
1594
265
978
882
1756
3245
4423
1936
4131
1333
537
276
3955
1018
4190
3967
931
4275
1592
532
2575
4049
3271
3082
681
1520
2095
268
3644
2575
1129
1834
593
3719
548
3515
3315
512
2981
667
4032
2644
567
1600
2678
2307
3813
2281
309
259
482
4528
1371
759
1019
554
1871
2736
2819
4459
1056
4012
1562
4681
4945
3383
2832
2470
2089
2393
1086
364
902
3709
4434
3830
4029
2365
1131
2434
2881
2071
3751
2403
1120
1491
4953
2142
393
2414
3056
170
4170
313
1493
2462
1582
3259
3881
4076
924
521
2738
1311
4641
2089
4803
4458
566
2494
3194
1717
2362
1359
4783
2447
3996
4423
1704
2277
785
2117
3267
641
3426
4236
174
766
1955
1822
4575
4380
3807
1419
1206
201
233
4622
417
3947
3117
215
3705
4815
2730
4510
4394
3161
673
1616
3225
2277
654
1965
549
3031
2996
173
873
3074
2235
1678
2697
3603
1618
78
2887
306
3218
3374
4859
1215
3193
321
2094
1697
1720
1087
4570
2177
2868
3579
3379
4123
4068
1152
792
137
4932
4542
953
2582
2886
865
3021
2137
4164
2092
231
2296
1307
1797
531
3433
3871
1641
2921
4780
2484
2161
2357
268
191
432
2989
1109
840
4486
1191
1748
1477
3215
2674
2355
619
582
4270
3956
4265
2386
4274
2182
4296
1526
1947
3725
1584
780
2161
628
3587
2222
3419
3287
4344
1832
1337
2643
4173
974
2133
2884
192
3005
991
3419
151
4091
4745
531
4146
3825
4734
2230
3277
3811
4306
2587
2362
2865
1902
2799
947
3030
2840
2948
4169
939
3153
1436
2834
4405
1020
4568
3436
2712
3179
1419
1416
1989
2901
2932
3184
3555
3845
1459
4110
3694
2175
1223
2519
808
1167
4207
1311
2954
2185
1727
1538
2480
143
783
4785
3848
3304
3662
639
1361
2929
4083
2099
3434
1112
3797
2024
3735
4928
1780
1644
390
3526
2181
1807
463
3297
765
3635
3214
224
2720
3099
2892
3228
699
1966
692
645
4090
2120
4793
3573
4313
2673
3196
230
421
1321
2726
1862
3999
3231
4057
3257
4596
1992
1848
1980
3690
2727
3317
1921
2513
1098
4021
1036
3708
2733
3211
4799
3301
585
4332
2814
110
2939
2130
1485
4848
1776
1802
3444
1235
4116
2500
1562
1950
4440
2550
3800
4931
4446
2786
2412
4480
2765
3957
4461
1974
3686
2818
389
100
4848
2083
3686
2707
751
3061
1504
4970
1046
1450
3482
238
2618
2487
2687
4209
4601
2074
2801
548
4242
4382
3706
2069
4236
3673
231
1619
177
4868
4467
3257
3159
3804
4501
2690
961
3369
4665
978
445
239
1357
1386
1708
4191
1463
945
1425
4439
4846
1047
1293
1259
786
719
1502
2850
1016
2949
2979
958
3322
207
3194
3626
2174
1406
4342
94
2494
3032
3930
1291
3320
1940
3261
1833
182
2703
961
713
3525
1362
2524
4629
882
2279
2436
4575
843
3930
3811
4331
2773
223
1995
4326
1954
420
3867
1706
3455
3692
2916
1081
955
1070
1714
575
3675
4421
3735
4161
190
1509
1645
3387
2691
1164
1338
1876
3532
1282
949
1505
3875
1645
1918
2788
2224
696
3630
1761
1038
4152
3579
2940
3526
1404
3640
2376
1561
1380
3660
2008
4823
3157
2803
2991
4325
3341
3306
448
1216
3078
1995
1144
3601
2344
4490
3054
179
3599
170
767
1111
2726
4191
608
1229
3781
3571
2427
1814
1921
2951
1120
2693
4159
3620
2338
4675
3991
2833
3821
4331
2195
2597
3717
1553
4806
265
3377
223
2129
2976
4931
2510
4596
1681
3739
2274
1230
3024
2400
1779
2904
3435
4370
943
829
4468
4295
589
2455
825
667
1273
3462
3342
2027
2697
1493
1102
1973
3313
105
3172
1635
4471
598
838
2917
2658
1414
1906
1164
3960
3393
123
1751
2812
1397
3767
2515
2667
2744
271
1287
4358
3065
1385
1989
1882
4299
1556
890
3593
1338
4525
4184
4512
2619
998
4899
1705
1132
127
2475
3226
3794
4856
1558
4213
3388
3642
3953
1804
3091
3175
716
4910
3191
4724
3305
4326
2958
147
4241
4203
3173
4853
1865
2701
628
1862
4237
662
1644
3674
1866
4416
3815
4880
991
515
3320
4645
380
1008
711
4422
2778
3681
2812
2532
840
2407
3616
4916
1850
4228
3810
2409
176
2016
1016
3152
4924
1199
389
3176
3989
1554
3056
2230
399
4271
4158
490
291
4123
4598
571
3411
3225
2245
2438
2003
3618
3099
3320
2249
2601
2770
2590
3200
3170
990
1933
2387
1767
2067
1295
4361
3051
1889
1687
1084
3457
4997
834
1246
3340
3562
1416
2608
3940
1263
2933
3449
4704
3623
2439
622
4541
1782
4359
3286
2912
2429
4948
1682
3649
2224
2528
3524
2617
365
994
149
3687
2016
768
2616
1061
157
2034
3894
2263
4914
1945
3505
3598
1424
1428
1754
4541
4037
376
3862
4745
3907
4392
1096
4267
4480
2016
1605
3623
4292
1140
1151
2258
4033
1814
2692
1625
4230
488
1321
1469
1338
1863
4309
3093
2328
4647
4767
2576
3069
1430
2440
1690
3983
4392
3817
4442
561
4906
1045
2906
3792
2380
970
997
943
4377
1069
3863
4685
1411
3121
3838
3973
762
300
912
1319
1292
409
2659
1019
1975
1244
1221
4474
591
2794
2467
2312
3851
4112
4679
820
1842
4799
4107
3461
3998
4627
3845
1111
3024
3029
2521
247
2237
4043
2383
4060
1447
4072
922
3241
3158
3098
2345
3207
2774
3703
3052
3270
1036
537
4665
585
1970
1933
3885
4707
2808
2922
2519
4397
4645
4061
1030
2855
3625
3951
3269
2072
724
2716
3203
4162
2345
585
3427
4289
4689
4325
3890
968
1448
4131
3215
2944
4635
1256
3578
3204
4026
3214
1507
494
1248
699
2129
4323
1413
3779
2796
3875
2817
993
4635
2495
3599
2448
1266
1391
3336
1949
3539
4720
3582
3152
3410
3280
4817
2581
1573
3402
2721
1502
4835
2792
775
3468
3053
3804
3728
227
4634
4610
1449
2888
4276
2775
149
1599
2055
4584
962
4093
188
2839
3970
1748
3058
1770
4486
3786
2180
4301
3318
4823
2328
3785
275
168
1991
3190
253
4295
3356
2726
2211
170
367
4405
3534
3040
2094
2980
1126
2176
1447
2307
3192
998
3515
4987
210
1797
3042
3555
2130
1468
3932
2207
3821
4736
2471
3161
3942
234
724
373
2741
591
2053
4241
3686
2241
4260
4821
3031
1146
4262
1874
1285
4392
2551
650
4102
1945
1603
1466
4456
3113
3110
2703
729
530
3925
1537
3502
1611
1840
562
1805
3387
4022
3160
2589
3273
365
4769
3013
3414
1978
4702
1798
1879
2316
3796
4909
2035
332
4914
1659
2970
1055
4164
1796
4124
1255
3241
4833
1366
4945
3711
3390
3245
1504
1861
4051
1808
2574
4122
1938
4252
4313
1291
1684
712
4527
4941
948
4796
2591
626
3867
544
2496
502
4524
1746
3570
3131
1529
4579
3571
1382
4272
3815
4426
1709
4793
4862
2641
4706
1827
2860
172
3302
2146
2158
4751
4533
2579
4527
1198
2339
4949
1607
1857
981
1034
3757
4871
450
350
3405
1091
4230
2527
1829
4920
3068
608
2226
3703
466
1139
461
501
4565
3550
1573
1763
4517
1341
1101
232
4867
1082
336
430
4259
1908
1182
1674
1935
2605
4794
4886
1645
4522
2867
3435
2302
2196
3908
1077
3339
1134
3996
4388
1781
2316
2901
2510
1587
3867
1758
4687
4240
2513
653
4183
4081
3908
3323
938
2113
981
2789
2701
870
483
4799
635
2079
3202
4096
4428
1532
3211
2148
4809
484
1958
1536
2251
3969
4594
587
440
813
3885
3949
2845
2923
3153
2186
610
4503
2132
2852
556
1825
3862
4090
4741
4483
4996
1464
1154
3500
684
1908
809
3440
507
1065
194
2534
2601
1941
3964
929
2912
1015
4995
3757
2346
4131
81
1943
2986
4367
3164
4626
2876
3975
2661
4035
3726
2132
1840
2046
1603
4472
521
2077
2165
2797
4019
245
2962
1891
2099
455
4703
3152
4817
2345
1633
1994
3184
1153
290
4684
2563
3365
2057
4746
4801
4034
1916
4456
2146
591
2583
2349
631
1740
1674
4018
3686
3703
4248
764
4933
2614
666
1710
1069
1156
546
719
948
1318
539
3344
1985
462
2135
463
3354
2093
3922
1121
4979
1513
1411
1404
268
424
4395
2682
771
4061
507
3257
589
2835
2539
287
3865
1976
1708
131
2595
1393
309
2464
3141
1059
4437
2685
1461
4419
3873
4527
4773
3495
2380
1449
189
3479
4829
3239
1127
3157
2303
2036
2855
4565
1643
1976
4117
740
2836
4697
1106
3667
2987
1925
3754
4811
370
3600
1849
3802
650
3986
1672
3053
4934
4254
100
3591
4221
4538
4408
2034
1456
1075
2129
4725
2723
4337
4133
4225
3742
3054
3323
2420
1665
2668
2005
1445
3154
349
4179
261
4175
2640
2748
2814
1544
2782
4642
4995
4164
1802
464
567
4183
4529
1479
1753
2647
1743
1328
4555
4406
4120
3444
1133
4088
3633
118
1866
3240
3464
3396
675
1008
825
1525
1770
428
3226
4406
267
4876
1993
4478
119
2059
2032
2126
1085
1515
1475
475
3618
1075
953
1296
1825
1264
1666
2711
2166
2706
1005
301
789
2795
1191
1100
4637
4401
3766
4685
4716
832
2011
1740
4188
2470
1514
181
1335
514
1661
4224
2779
1522
4945
2114
3619
3378
4814
3565
2585
402
2246
4349
2230
3874
2921
4783
2722
1166
2888
3895
3183
3565
1968
1607
1084
3261
2005
4988
3530
4343
4554
4394
3267
1143
1090
2975
4901
521
3740
3090
2904
926
3215
458
291
4042
2964
1428
474
3137
1716
1805
4115
288
2291
4217
4483
4307
3013
3811
82
3146
2766
3198
3516
3432
2629
3440
3730
235
3787
4065
1334
3926
2822
2257
2269
3699
2520
4451
3265
3381
2007
535
4569
2411
2046
4598
473
3721
2634
3517
816
1290
1549
4045
3708
1934
213
2385
2855
2306
3024
3045
2168
1574
1345
3453
3976
3795
2164
1260
1385
2145
2180
1306
4857
2352
772
1691
1753
1117
3273
2539
4208
2666
3705
3309
4677
3041
2290
2752
4827
4455
4975
2595
4130
3087
4819
4485
2199
1807
2538
4066
2380
1155
168
2597
4953
1327
1822
4868
521
2984
3598
346
4503
1928
150
3515
2759
4558
4646
4595
514
2050
639
3191
1990
1269
3960
1986
238
3410
452
4424
2058
1391
4437
2758
3691
949
1367
1800
1679
3747
2407
2174
3654
2800
1771
569
3654
2329
3466
787
527
4659
1082
984
1049
3398
185
4094
2959
3570
3835
767
4488
1479
239
4938
3301
1481
4922
175
4284
453
4042
3202
672
508
2077
546
4901
1582
1206
2793
1097
1463
434
1509
2107
718
2865
4436
4226
4935
4366
1362
1850
430
2156
1350
1549
1433
4878
4253
2965
2202
4786
95
529
1228
4095
2875
4439
716
2954
2736
2265
3522
4354
4399
3329
449
3261
471
237
791
450
125
464
3787
3603
2340
665
246
1761
1695
1931
4396
3607
4570
389
1000
4306
4749
1093
3009
2337
1987
1811
3290
1858
269
2017
3699
3009
4751
2702
2110
1443
3149
339
3076
1700
3922
137
4419
3775
3467
1712
1571
813
4731
3526
2403
125
1614
3875
402
2166
3805
4191
1736
321
4738
1815
1673
4494
827
2162
2755
717
4169
293
4146
1210
1146
4360
4623
161
396
4951
832
385
2273
2949
2904
3663
2549
4863
1919
4235
1941
3695
4897
4481
501
2229
1554
3138
151
3651
4551
910
3479
2998
781
3029
951
4214
4503
4328
3679
161
2622
4332
225
3878
2604
1096
440
3921
817
2960
3419
905
2258
1804
2712
1752
2273
1954
1152
1449
2043
1531
3188
705
1637
471
4478
2725
2928
4742
815
2198
1097
161
612
3685
276
3464
259
729
4360
717
3097
1129
3392
2970
3470
2674
1315
2783
1064
268
3346
330
4503
4066
2085
920
4430
628
2733
4338
2987
1225
2965
1692
424
3545
4025
3310
1949
933
4346
3492
3148
1200
2356
2542
1545
4336
2267
3493
477
2600
4885
731
432
4390
4642
4769
1253
3443
2490
3772
2807
3196
3340
2691
2429
3856
4273
2532
4086
735
4191
2160
4767
358
2462
338
1342
1145
2643
2850
131
790
154
4242
4494
2024
3397
4845
1833
1167
2836
1223
4884
754
2994
2844
3839
307
3237
1754
3187
4816
318
3908
491
3823
3993
473
4806
1427
2680
1957
1078
688
2886
3448
2358
4597
3656
2636
4237
1734
4616
3162
2283
4410
3627
3842
2037
3956
2519
1647
2553
3851
223
2657
446
4410
3879
3439
3142
2242
2569
2159
3426
1987
2085
3004
3373
1033
4406
4993
235
4974
3363
2185
4727
4772
224
4797
1669
4765
4936
1271
3953
2016
452
223
3117
193
762
3517
2447
3783
210
2416
332
2677
3629
2370
1579
2986
4051
3104
625
3242
1620
2962
745
2519
2896
714
2354
2993
338
3549
2887
1855
3015
4548
2154
1547
1317
3056
4527
3638
2668
4606
1202
3274
3850
1463
703
543
1755
381
2864
487
317
4829
1364
3176
4399
1466
4916
2743
1283
1170
3363
3206
523
1045
1737
2623
4998
3975
1746
2476
3596
3222
2654
3925
657
2096
2117
4585
1202
3072
2506
1361
1877
3363
1036
3481
2602
4300
819
1403
2181
4047
3843
1670
4165
2178
981
1552
3310
3776
861
4336
3951
1496
1813
3357
4417
2445
3634
4856
544
2786
3420
3871
2735
2377
1141
2936
397
4848
1844
4331
3519
2409
2982
1275
4059
501
2897
4034
4443
331
1905
4337
1174
3598
3701
4142
3790
1768
1907
2374
790
2903
2730
3810
1202
597
481
4739
2815
4856
2748
374
647
131
3279
125
731
3494
2047
2991
683
4053
136
4256
249
3766
1593
4997
1247
4053
4336
1051
1161
1588
3706
3663
651
3526
2321
4000
3651
1974
1121
4592
4611
981
3958
1487
136
3132
2326
1379
360
107
2407
4167
2108
3026
90
2232
4843
2145
2065
374
1583
4855
1180
2235
3614
334
1873
1933
4700
3273
4821
2322
1330
2916
3081
301
1186
2249
4690
2821
4405
2748
811
4894
2324
4992
2760
545
2122
1672
408
4863
3393
2876
1952
1574
2352
4976
2541
1332
1673
1883
3001
833
1356
4764
4617
1016
1994
4540
4545
155
3711
545
4718
995
601
512
3407
855
386
2470
4513
1703
131
4896
711
2072
3311
4109
2523
671
4363
1710
3956
1607
3255
543
4283
1414
1762
4613
1473
4347
1639
3452
498
3707
4119
2531
2988
3230
4452
4090
2602
3041
439
507
892
898
2079
1522
2234
2851
4093
4574
3931
2622
4341
475
2804
3728
1932
4097
3258
2672
1923
270
4913
1525
3950
2521
3437
3574
1401
1637
1179
971
3383
1866
1592
4773
3530
1560
3705
3969
4270
4476
1777
142
839
4576
1833
4429
1539
4719
625
4525
1124
1873
2678
366
2104
3645
2994
2628
4386
964
3739
3130
4035
3327
3257
155
4704
2429
3027
1708
3304
3672
964
1968
3472
3412
3657
2131
1832
4324
4721
4014
3249
3369
1475
2635
179
1607
318
933
2141
3975
2546
1993
2754
1569
3203
3558
3605
3542
3235
622
4507
4025
690
416
4780
435
2957
97
394
2664
3021
4212
136
2426
2916
1961
2386
219
1400
1489
3410
4273
2079
1224
1446
4107
1170
1910
1014
4719
233
2650
4080
3310
3241
2129
2080
4749
4023
4804
2732
4926
2697
909
3330
2635
2492
1711
3080
165
843
1626
4188
1550
4828
2178
1578
164
632
1284
4577
378
3649
2712
2408
4317
2421
521
983
716
3664
1912
4277
2330
377
450
103
2194
2479
2576
3309
4377
503
4879
2840
3428
841
1013
1048
4664
2975
4699
1528
2828
327
864
4665
2103
2809
564
269
3313
2793
4847
1113
2692
2371
1079
1240
1256
2007
3321
2021
1107
3999
4935
850
1212
2886
3972
3382
4761
4135
4840
1307
1432
314
4380
3202
2479
1014
3637
3792
4421
4962
2903
435
1373
1563
191
4851
1371
619
2536
2981
3792
4196
2999
4961
546
612
750
2170
3219
1052
3467
1798
1085
2606
3512
4620
4966
2591
3895
2298
4944
1760
3881
86
2626
1876
4083
2039
1676
2490
483
3866
2601
718
927
3623
862
4039
4617
529
2886
1030
3192
381
2104
1926
3625
3136
3111
3590
2622
3449
1155
1475
3400
4427
1967
1924
2975
4646
2529
3971
701
1944
1933
473
2740
1125
4602
1649
3322
2256
1468
2270
510
4419
3717
3494
2204
2109
3562
4025
1720
3373
2458
4632
1558
2038
3694
3900
2702
3559
4898
904
2008
3725
3611
4358
4888
1823
2394
2012
3064
3524
4673
229
4597
3848
1042
2131
605
491
2529
4111
2740
2076
4245
3045
2074
1519
1719
1238
2351
4965
2633
4076
831
4202
1330
3030
4722
3787
1659
4923
1744
1032
1140
3537
455
2530
2732
4565
4542
3481
1983
4326
1365
128
2268
4312
2740
1432
2735
3340
4433
2741
127
4300
3278
553
4471
1344
2392
753
4533
4781
1433
1836
2150
646
4472
3712
3453
3013
1263
4566
4724
2217
4376
378
2823
96
623
515
707
810
4482
575
3924
4810
1678
1715
874
3452
863
4042
3171
2704
4881
2621
4526
2307
1299
2708
2990
4030
3841
1670
3584
3135
3316
3357
3017
2437
3796
3418
500
980
997
3431
3586
4768
2935
1747
3689
2000
1957
4124
2177
4287
1049
1699
698
4414
770
3761
2712
3988
2395
1434
4427
138
732
1646
4127
4863
2115
790
3375
989
3136
4501
3411
1993
4725
4223
1598
3629
4693
1486
3744
3785
1010
3069
4455
671
1816
3389
2012
2419
806
4623
2913
3712
342
3547
3080
487
1257
3283
3775
1575
575
865
4560
3604
663
3776
1564
3794
3581
705
3784
2417
582
3398
1805
4271
4171
176
588
4085
1107
3442
4936
3245
1517
1044
2908
3544
973
4993
2061
1701
3681
786
2279
4783
481
713
4914
2980
3783
4050
4182
2483
4506
4751
592
1438
212
4032
3233
921
4760
911
4051
310
2265
1975
179
3419
647
3360
1019
2691
4761
4741
2021
3436
831
2565
3107
2458
2944
2136
2817
1381
4372
4827
105
114
743
1779
2103
3473
3908
2611
1285
3240
3485
2853
2691
216
4190
3188
3304
174
3683
4885
1485
103
4353
669
4262
1946
3581
993
3487
2685
4219
2660
723
4728
4197
562
4600
1045
1090
4384
3470
4547
2559
3379
4668
535
256
738
2273
1185
474
3333
341
2567
659
2126
4156
1893
4109
2499
4841
1640
928
4883
4866
4552
2891
2092
2400
365
4165
3833
4789
71
775
4941
1162
2362
4351
1104
2465
4525
4017
4416
3260
2746
184
390
4257
4242
519
3526
4231
2425
906
1410
1681
3586
1598
2361
3250
237
3365
4392
3986
1826
1170
1777
3433
3896
1765
4377
2221
3268
180
1544
2323
251
858
2746
4016
3912
4610
1996
2567
1664
3019
2398
635
3580
4213
4724
1565
3517
902
1691
4813
220
2242
3138
2067
2674
906
2238
4648
4759
4971
1305
3575
4053
442
3558
2864
3559
3624
894
4848
4039
1935
2290
4659
414
1433
1899
2911
133
3482
2776
950
952
2122
2560
3138
4708
539
1975
2488
3605
3285
263
2499
676
3158
4235
2476
2739
4221
2712
2207
221
1639
1085
2166
1677
2551
3702
1315
997
1392
3989
1011
3784
3105
2415
4825
4503
4120
2695
1492
2435
1665
4531
3870
4834
2768
1988
3142
2535
1140
3745
1245
549
1488
3121
1282
138
4434
4993
4987
383
4702
4144
1047
1533
4332
2416
2673
3520
4055
446
1152
1687
2344
2769
2192
1936
4264
1972
4658
2877
3425
4776
3676
2745
1539
4710
1371
2633
3441
3939
1265
2745
1474
3990
1516
4144
4650
2989
1470
485
281
2181
4813
898
946
3149
2711
3563
2934
1876
4175
3271
1860
1152
4598
1468
2951
3190
191
3642
4218
1904
2416
4401
531
3612
1333
4488
2984
4652
3410
2977
1843
4467
2968
691
662
2318
3362
1991
1118
3439
2315
951
1994
608
2501
3856
2473
2764
4236
2736
1692
3257
560
1255
3554
1923
2652
4747
928
4004
4051
4604
3665
1189
1422
2143
4888
3818
1368
4150
3199
2907
284
3400
3641
1270
1384
1147
1887
3669
3550
2342
355
4845
4202
1858
1454
1861
4547
491
346
2832
4208
2627
4170
2740
2744
3620
3333
3258
923
158
2494
3190
717
1899
2700
4801
1216
2461
3113
2324
4660
1129
956
627
2050
2762
4042
4593
3821
1664
90
2210
1516
2562
4437
2406
4161
3870
3383
3690
810
4817
824
1793
624
4986
3276
4614
991
4132
4893
2848
3502
1755
3246
4699
1544
2747
1031
4514
2707
2234
519
3675
1987
2136
2583
3191
2595
4535
2460
2751
2068
359
191
1434
4701
3701
4376
477
310
3420
1496
4055
3154
3536
4919
2478
2479
3949
1946
3462
88
666
3952
946
323
4022
3403
87
4080
2851
129
4947
717
309
3715
1703
3062
420
3273
4708
2909
843
3519
535
3709
2357
993
1202
2152
1638
1723
1299
3870
1763
904
2221
3332
2082
1408
3926
3033
4714
643
763
486
1479
702
4936
2437
3952
3330
1863
4561
2927
4662
1453
199
2750
2231
577
1075
2343
2569
2397
4558
1991
3635
4817
829
983
1685
1802
3699
4634
4718
4749
4678
3629
4676
1125
3933
3167
1170
281
171
4290
4762
3341
2674
4043
4221
4576
1720
4588
4254
3744
2799
4356
2954
2565
4267
3730
4381
3155
2305
4833
2736
2865
1529
1570
140
3156
4436
4373
4389
2403
3299
2992
1739
2764
3085
4116
1457
1191
867
4372
2231
1622
2229
2286
704
4063
2633
592
3919
3636
1759
1495
3309
1987
1514
2809
2342
1662
3296
4274
1569
1514
651
877
1415
2474
4078
4623
3998
2312
1042
4713
423
4818
3475
4265
1801
3825
1367
410
3906
1634
3223
2582
4949
4542
305
1770
2492
3771
3971
3253
3311
429
280
1206
2875
718
2500
3063
1716
1196
307
2287
412
1250
2917
3177
2548
1778
3018
1915
2523
1712
1961
2664
1037
3057
4368
603
4529
3512
612
4229
699
2362
4369
4343
2904
1847
1896
4230
3706
2425
107
1518
176
1329
4519
1807
2880
741
1853
4715
4594
4297
3654
4273
1825
4380
1231
4538
443
3267
2339
2743
3419
2203
2409
4656
3264
4365
4317
789
369
2167
1469
1384
3885
1065
1637
3066
698
3980
3494
3243
2950
1104
2913
3158
1895
2363
1967
4203
3455
4950
1572
3165
1797
4839
2946
2749
2327
162
4756
2378
2996
2222
3514
1713
2805
1791
1780
871
4953
3704
1044
3114
2768
3916
1620
2469
3882
2756
1313
2510
3483
4335
4080
4639
2996
1297
2043
3564
2600
375
2311
1254
835
4519
4275
2378
1151
3598
1589
3966
2124
3269
2379
4367
4108
1398
1071
1701
531
2595
3773
3870
4664
3637
163
1502
3600
919
3414
142
365
3213
3082
3383
2648
882
3433
1365
2226
4154
3054
4722
98
4684
2257
4075
3271
4826
1769
298
3021
962
3529
4568
3563
4651
3731
4117
4245
969
278
4674
1655
3947
2794
4554
3186
4876
1678
3754
3576
132
2258
3724
3468
3413
4135
3525
586
1465
4765
678
4928
1339
2767
3910
3253
3684
4775
4114
594
1782
550
2112
1955
1789
3170
1386
1303
2307
2345
4450
3034
2271
884
3621
4916
4765
181
575
3688
3734
4074
3479
1360
3615
1097
984
1247
3777
2040
4426
1747
2620
557
4232
1815
1178
4701
1230
2720
3852
4991
274
1268
4887
3475
3966
3384
897
2650
2444
2766
2399
2219
3712
4567
1988
2030
4633
2462
1348
3126
4437
3801
230
4259
2991
2280
409
1595
4748
1120
1487
4603
3271
3308
1677
316
4694
425
1301
2193
651
222
2317
685
839
497
3122
2570
2134
3929
4403
3707
1024
2393
3360
4199
789
4575
1528
565
1200
4939
3322
2726
1449
2994
3552
380
4581
1902
1615
4123
3862
3722
4223
1217
2938
4024
617
3118
998
2134
129
4028
4739
1110
3823
2614
4566
2346
4044
2391
4272
3077
1401
3404
2330
3963
2565
4866
1051
2441
4920
2151
1591
85
1410
3487
3258
2281
2525
2268
2433
2949
2930
2538
3360
2072
4944
1640
1852
2841
1196
3818
707
3134
2928
4700
2978
89
2037
2551
1103
3208
1593
2825
4917
3743
597
4436
4818
3726
94
86
3569
4852
881
3507
638
4677
124
3227
2844
2027
2925
4297
3109
1497
2472
4550
137
4464
2309
4607
1558
1094
1952
4404
954
2706
2575
408
3952
4828
1544
3074
485
1576
1078
2623
1794
262
3081
3886
3807
3964
2269
3533
722
3593
935
2665
712
2281
838
1682
2087
4688
1522
2990
3069
1991
4663
4858
476
4935
1749
2553
311
2445
1500
347
4642
1092
384
3033
1685
2950
597
888
2980
1783
2066
4142
1454
1184
358
3313
1127
4118
2120
709
2078
528
1305
2290
3437
81
2154
1871
2573
2537
2285
2342
2508
662
1711
641
616
3508
3021
838
4050
4927
2268
3090
3982
2783
3603
762
2798
3398
910
2508
831
4215
407
4478
3793
655
2769
3210
1835
2472
3527
4895
1206
2146
2965
945
3283
1905
164
4970
292
1066
3349
3754
534
3895
860
4638
2546
446
1987
1314
4719
4439
4518
3543
881
2995
2403
4499
3503
1493
4895
1786
2952
3248
268
2409
2509
1767
3711
2589
3536
2889
3138
3917
1775
4931
4576
3970
2860
2685
1600
2882
919
3027
4319
3753
1650
4312
1071
1298
4669
363
4878
1759
4096
3232
3279
1075
3558
1780
274
752
1340
405
4712
2504
1640
2342
2997
3254
869
3420
3051
1965
4393
2320
2636
4350
1215
2163
1475
2790
1071
2225
4527
3977
4601
1420
4303
4321
4024
506
1687
3337
1613
506
3116
4786
3271
623
2214
2523
529
3767
746
1478
989
1575
297
2520
3411
3809
4816
3613
4183
2003
3270
1718
418
4490
3589
2692
2975
1565
4815
1045
2067
1912
198
4755
2948
4796
3467
4059
399
3501
1929
4310
2762
3140
3600
214
485
4554
332
4696
1664
1824
1154
4611
3286
2731
1058
3389
3016
78
4066
3684
2080
4070
1366
4402
4587
1519
1799
485
900
1904
515
645
1849
4500
3792
2479
4970
2091
2611
2313
329
2527
270
2052
1360
2764
3186
1240
587
1711
4403
2890
4720
714
4915
2033
3095
3763
3508
883
2692
1573
4249
3013
3071
120
4839
4801
836
2193
3476
1079
4113
422
4061
273
2855
2044
2409
919
4158
3924
4482
683
4469
4151
2264
2093
1546
2387
2181
1321
4601
1231
1339
4461
1857
2670
4874
2540
809
4172
2355
4794
215
3258
2030
4680
306
3245
2746
606
3114
3808
642
4805
2321
3509
1845
4929
4831
1835
1450
1249
1094
260
970
245
2520
4735
4316
1967
3988
3591
3030
931
2943
4259
1456
950
4168
3093
1653
3787
2079
4102
3147
2264
4957
2676
4107
1110
2113
3329
2452
3531
4083
3680
2248
4960
639
2984
571
3643
1069
1183
3480
3085
739
2608
2268
1058
4945
1119
3604
199
4084
2328
3822
932
1848
1862
2447
1374
2914
2242
1683
3065
671
3131
3555
1329
3765
1147
4103
1370
3673
1210
2247
4770
4962
3338
160
1557
2072
3284
3978
1387
3164
4810
1950
4970
818
2699
4905
2422
1439
1383
420
2066
1592
1027
3334
2037
1294
3919
1852
989
2387
3845
858
3525
1143
4251
3783
4787
1190
4481
4334
1047
2703
88
2410
4830
484
3299
3596
2492
129
657
4216
4687
3696
2644
3103
4443
1509
843
2696
1618
4279
316
2476
3670
962
3439
2680
1101
977
4441
1057
144
3765
3735
3482
1742
1273
604
3577
4821
4041
432
4489
3405
3038
4473
188
1953
1583
2033
2963
1184
562
3484
2577
3057
3774
2299
2671
3485
353
3107
4192
86
1812
2867
1614
3840
3179
3807
795
1557
617
4249
2219
281
2752
4768
1079
972
1335
3327
1693
972
2170
2415
1284
861
1733
1385
3509
1972
4698
4814
3942
875
1136
4903
4239
477
3936
618
4873
4925
3995
3076
1118
2088
270
4189
1842
3114
4038
4146
2867
2159
2808
1891
3607
1766
1118
823
1113
4359
1390
1320
1207
1664
3911
2278
2817
3130
4042
4465
2243
4726
1110
2674
1495
1947
4816
3267
1205
1003
490
1982
1637
4811
1912
2973
2686
3852
1339
3984
1280
3588
1050
3207
2319
4396
2981
1032
4705
3742
1209
1709
4438
3235
571
2943
4945
925
1714
4203
1617
357
1114
935
1436
4332
1384
4877
2409
4636
3418
469
4196
3923
1313
1738
1700
2160
1095
4964
3157
769
1197
588
4268
4217
3594
3627
1849
4732
4118
3173
1294
346
1293
3238
1257
4352
1611
606
1669
4268
2686
292
3986
3031
4135
4707
3941
3285
1648
1971
1663
1850
2196
3722
2882
78
1746
616
3215
184
2477
4878
3756
3655
2867
1722
438
3484
3206
645
1010
3432
2345
2618
1230
1270
1827
3488
100
2687
3329
4872
3190
4089
4537
2467
1062
1778
1476
1110
2923
2011
2794
3026
3104
506
4550
450
1356
4512
2500
1543
4857
3614
2145
2531
3707
1130
3715
1091
4085
3523
3394
2540
770
4332
3836
2448
1296
4976
616
511
187
2238
2048
2742
2714
4670
2612
1825
1224
3765
4976
4236
3660
2470
3156
466
4072
1077
753
3972
2354
2897
2554
716
931
4889
981
3055
4963
3459
891
3285
1751
4364
881
1941
4585
4966
120
3031
4193
4097
1470
3312
775
806
2896
3743
1507
3894
4435
747
3697
3450
2120
957
1256
991
994
1219
3969
4536
1344
919
1604
3520
4370
1082
2111
2873
4473
2140
117
4140
4176
3502
4497
1531
1704
750
167
1096
1710
3435
4499
734
2432
2407
3052
919
4587
353
2547
4709
3735
4075
1529
3096
898
4858
1640
813
3673
3288
2286
4531
2446
2647
632
3760
2266
2751
4704
1164
3797
3392
3485
2864
4276
4558
2431
2698
1385
1661
1377
830
4338
2089
3518
2043
185
2997
506
2796
2307
145
740
1458
91
3618
2368
3683
1537
2429
3466
1310
2452
2561
2429
3677
1198
2818
3077
3190
1761
189
4813
1952
4097
1133
1509
744
659
3211
2750
2628
4034
1874
683
4176
4610
732
3232
1947
2887
3756
1211
4048
1375
93
4175
1553
859
534
4906
2882
2213
1576
1146
3938
1113
4030
1289
431
263
4523
1840
3890
792
888
3900
2816
4087
2707
4657
1355
4774
2790
1731
737
4621
4812
2098
3366
3801
3152
178
1987
3934
819
3982
1433
2034
1445
2642
2476
3670
1303
191
3924
4185
2850
3741
2759
637
3621
3427
3351
636
3011
4468
2420
794
907
1957
1588
1020
2952
3790
765
949
4731
2048
2686
4859
4774
1860
375
1105
4185
3254
2116
2691
1775
3474
3240
712
2886
4283
2886
3793
1832
390
3887
1903
4765
1029
1731
2037
70
4229
3702
1538
3445
1185
4838
3227
1032
3994
1931
1636
3724
425
4435
399
3850
2073
4370
1757
2699
919
743
3190
3387
4931
3510
4703
2862
3647
3856
4804
3855
2711
3228
3007
4343
2445
3781
2393
1858
1176
4778
544
2920
1896
296
508
4750
4865
1296
4484
1278
2080
2903
1211
4407
3015
4884
424
4672
3188
4854
3997
3551
3543
1655
495
1797
133
4586
937
921
3539
4205
4586
3956
3914
2427
2515
4084
2010
1499
4811
4095
3439
3657
3475
3223
778
2164
796
2569
611
354
2741
2909
1295
4927
1479
150
4355
2095
4011
3977
3909
2862
2465
2783
2456
766
4777
3386
4270
3977
4339
4630
3800
3192
2207
3038
2314
628
4754
1403
4085
1305
918
96
2378
2681
2762
4467
2697
3637
4591
2476
3038
1498
3981
1522
1753
4205
182
3000
2880
1328
4429
4096
3242
2426
4409
4191
1067
4301
4249
1744
2260
277
2333
2566
229
100
2226
4642
1737
1666
2322
2577
2799
2396
4775
2078
4661
2627
946
4974
4106
1149
3451
1352
4729
2102
2467
4831
4273
2161
732
4736
1681
2113
1626
3640
351
2728
4131
1515
4467
3055
1012
1638
3988
1604
597
2053
2552
3155
268
2088
544
1125
1317
72
2568
1126
4140
4465
4110
2488
2545
437
4532
3555
1029
4378
713
1697
3349
1360
2869
2623
2152
1832
2605
3138
4891
1753
3083
501
501
3105
4863
488
2527
2298
416
3964
4077
794
763
3329
4472
3957
4119
2338
1851
120
2720
3500
917
2777
3235
3360
3293
2573
742
2997
2387
3207
4091
4017
417
2834
1262
513
3893
3987
199
3770
1129
3870
126
643
1787
2726
1122
2527
3669
4699
1252
2645
4088
442
264
3692
3005
583
4500
4784
1603
3637
3212
3515
673
3851
1829
2393
438
1947
2322
3067
1815
4623
4807
2126
3598
4022
4191
4948
1624
3159
782
4402
2545
999
1885
2354
2677
592
1538
3329
2515
3490
3084
4066
2024
4617
1352
4561
2034
3439
2896
4793
4309
2096
2923
2258
109
3510
2270
1566
671
4158
4404
4517
1078
2424
4338
4727
1984
2587
1712
3696
375
4555
750
1884
2193
1048
4908
517
4778
4890
1855
4224
2437
202
1017
344
3923
1812
1677
1474
4741
3866
71
3772
2335
726
574
3155
4793
4112
2568
1452
3486
4907
1528
2033
2396
170
2856
72
1427
4679
2614
3294
2004
3965
2754
3905
2348
796
2492
1177
1392
2919
3127
3927
4484
3748
2861
4515
2997
1710
2394
483
1034
4445
1741
3424
3934
684
4384
500
3468
1381
2045
4812
4736
2142
4913
2108
4177
522
1228
1644
3789
1048
1322
3990
1566
3830
1484
1874
4355
1699
4693
1129
4942
2076
1522
3764
2393
1586
3797
1693
2066
1228
1898
369
2057
2118
3231
4556
1014
2036
3172
3850
1884
1881
2510
3948
2250
4471
1493
4934
4861
3911
4048
2242
3702
3452
4829
3221
3901
4258
2896
4452
1829
1375
4122
1914
600
539
669
1807
3978
1399
1786
4453
2803
961
2925
1147
1011
4398
3588
604
312
1498
490
437
1788
2828
2156
4534
2086
2265
2831
2078
2239
4463
262
4279
943
1184
2530
3999
4047
2974
704
1652
4150
2510
4150
1060
1989
496
2509
4580
2270
4103
4993
3840
1030
3632
1851
346
1432
2808
2406
3713
1468
524
791
240
721
260
2058
681
4037
3118
1707
724
4405
2836
3035
4335
2137
122
802
4327
4953
4550
3002
2422
3807
603
3600
331
4150
985
1383
114
2350
3801
3205
4271
3886
2722
3358
4466
834
3626
1126
4041
3992
4049
4274
4577
4052
3493
2016
1654
2687
3297
3323
4658
4522
595
1722
3380
3380
3616
4161
1661
4715
3349
4861
1023
1124
3275
3348
616
2425
677
4632
617
1581
3008
3154
3688
4843
1036
2534
1553
3937
3118
1080
3116
2906
4289
81
1318
4005
2934
1648
3478
499
3976
2950
4203
3422
3696
3394
1883
3031
4220
1418
3472
2581
2898
1543
209
4980
763
4614
2391
2976
1085
4138
95
3467
889
3795
2644
390
4521
3606
144
1575
3641
3831
1927
670
3731
2794
1668
709
315
613
3723
3138
2181
136
3855
3743
3533
78
1171
4175
1622
2416
1286
1751
562
2376
4052
4048
1972
3733
193
3177
4184
4295
3108
2605
3919
3202
2093
439
2672
4385
3753
3070
1553
3373
2496
4482
551
2769
1177
2777
2457
1920
4879
3266
4908
4442
4207
564
113
4043
3646
3889
1878
1677
3286
2343
420
2193
2037
1210
2520
1320
178
1217
329
2434
619
2926
2288
1755
1904
4339
4709
1077
4365
525
3043
3376
1475
1370
2268
3942
4713
3258
1818
1004
4702
1730
3793
1740
2526
1924
2920
3503
1543
473
2464
2683
2835
1607
3013
977
116
253
4751
2939
894
518
4390
3073
4664
1818
1048
3858
694
955
1036
3956
1910
1642
266
236
868
1054
4583
981
2299
1894
4723
3229
1490
581
152
2182
995
911
638
4387
3362
1168
886
3076
2910
3394
3881
2854
3032
520
340
423
4940
1451
1297
2147
4830
2185
2442
4767
73
2837
1668
4981
1805
4553
1539
3020
3061
160
2391
3441
1016
1797
2689
2468
2582
4252
4293
2613
3833
158
4637
1599
4481
552
2369
3722
2795
2965
3440
3705
4782
2917
1362
3414
386
522
2856
4532
4264
1903
4804
2892
3464
3744
787
2528
3979
2742
3584
4667
3577
1238
1669
976
4099
3149
2838
2572
3564
4655
3487
524
4503
3022
939
211
556
1883
2338
3442
351
1023
612
2993
3157
4964
1875
4792
1595
367
3406
1673
128
4113
561
4099
2717
2042
1780
688
4595
3491
1672
2504
1171
3705
3696
3846
1563
4978
3521
2604
4069
1419
1787
936
4913
1413
238
4007
2108
4306
2149
551
2750
2337
1277
3554
1133
429
144
2348
3215
1534
1877
1413
2175
1963
4394
3397
4072
3040
2010
1024
3413
3054
3121
2789
4368
3953
3127
1450
3482
2036
3598
4996
3716
212
3696
3142
4367
2869
3901
3266
1577
1583
3389
1948
4949
3909
3001
1636
449
1897
4849
3084
3563
3301
3121
4996
3943
4649
2301
4789
3129
4388
3525
1491
2793
4952
2055
263
1015
632
1026
531
1050
3738
4544
1763
2802
3313
1977
1524
3792
3520
2255
4862
263
647
1637
4457
1919
4169
773
3614
2852
1477
877
1701
2307
1888
3491
1880
2759
3835
2856
2883
1209
1537
890
950
1664
2640
4089
2854
4696
3145
784
548
4840
2930
721
2773
3929
654
505
4657
3937
2196
2104
843
4738
899
3144
3712
939
3470
4730
1594
4043
4327
2708
749
4519
1939
4555
3732
321
1579
4021
2246
1760
4859
616
2911
2449
3586
519
4740
2471
3901
414
3695
1864
1990
4034
2475
2407
489
4010
908
3752
1884
2876
381
3869
3359
1568
958
1186
3916
4049
496
2082
4918
417
2189
2315
1199
2336
1872
1370
3232
4770
1781
2948
3123
362
4903
3121
1094
3726
2996
2021
3619
3513
4965
397
2463
1923
258
603
2369
177
1173
4346
3053
2315
4373
287
1987
4394
1028
4978
1121
3678
1193
1521
3065
1373
2571
1617
1755
247
1949
3741
1032
982
1166
838
2988
4431
4128
158
1306
4406
2188
149
4598
1226
3560
1622
4709
1030
1646
4089
3678
467
2815
3439
2337
411
1558
2211
3516
2657
2243
1170
3171
1769
2798
82
4303
4602
3148
3879
118
3169
84
1561
616
2703
3130
4159
2721
4957
1725
758
2055
1724
1158
3568
2184
1371
500
313
1812
2244
276
4883
2361
3911
873
1917
1031
1920
3415
576
154
3401
486
3865
2334
3763
4120
228
83
2679
459
94
3993
1620
277
3042
2944
2587
3473
1039
4136
4876
3506
826
1497
599
1881
3329
2046
3526
1277
4349
2114
1613
1514
2784
807
4209
792
724
1516
2715
1599
4552
1638
3193
3078
4907
2530
652
3738
759
1986
3769
4144
2975
4660
121
3751
330
3036
2081
533
3396
2886
562
3655
1724
3252
1677
4287
2066
2644
789
2506
201
3975
215
4788
961
562
3212
3423
2998
3119
1324
4653
2410
449
340
4608
1235
522
766
3071
250
3492
3237
383
4963
2283
1724
1212
2197
4460
1886
1867
1021
2605
3149
4918
2028
3693
4631
4795
2964
503
4163
2797
3457
826
747
2625
973
4544
2983
3198
2651
2543
3597
369
3985
865
3769
616
3315
218
3231
2316
4135
202
3888
3019
439
3904
2548
4876
2635
2711
74
4197
1186
4169
3182
993
1732
4175
2176
4281
3577
4678
725
3734
2459
3622
2347
798
1600
2139
1381
2287
947
3887
1242
154
877
373
2801
3035
2990
3330
1923
3074
3907
2872
956
3202
1079
1037
811
4426
2622
3560
3240
1246
988
3095
917
4453
3120
523
3129
3001
194
2579
3860
2062
343
4337
3326
3426
1708
2996
2747
166
1346
4633
3920
1665
2704
1190
1698
2718
1497
2904
263
1510
2975
3661
1781
4014
4347
4103
1928
1318
3339
2605
4899
2895
4493
93
1838
385
3206
1972
2504
2826
1869
2014
4034
4293
1250
4122
3182
3259
3857
2163
3111
3912
1994
3933
3655
2718
1874
820
1404
2375
3414
3407
3830
2522
859
4277
1837
3540
1544
3944
2962
1631
3220
2807
4346
1440
1205
418
459
3529
2465
4927
1148
3053
878
372
1537
1463
325
1908
2192
548
2809
509
4391
1597
2845
2880
1121
3306
2674
3210
2861
1132
4065
4038
1668
2169
3639
3060
2281
1373
2511
2387
3817
783
2316
1082
541
4662
4016
4652
4127
2391
1749
3923
4296
2434
680
3886
3651
1449
4304
470
4645
1851
2643
3979
4017
275
2910
1021
1787
1507
2557
4890
3275
3663
2229
2735
2660
3535
4000
2952
1787
4658
1215
3248
1886
1265
2752
2853
3073
2431
2996
2486
1773
1675
4440
226
2434
2155
4103
1399
4372
4995
4578
1930
4963
2722
1019
2335
1671
4020
3137
4441
1895
4326
2910
3583
1693
4673
1142
2926
3133
3048
3775
4205
2414
4977
4104
1233
1607
886
4631
2253
1006
3286
475
2204
1733
1551
866
3578
1201
1833
3629
2607
883
494
2119
3528
3491
1934
929
3655
547
1298
2187
4162
3423
3861
4281
2236
2804
1659
2963
880
887
4640
1005
1812
2606
4427
4460
2514
1750
4538
4762
3019
667
2047
1556
2059
4326
2961
273
4878
301
4675
3442
2004
4341
3086
3633
3540
552
4693
4476
1809
3385
366
2650
4478
1682
318
1923
3125
2211
1091
1162
251
1393
3385
2755
1872
308
3118
2040
1751
843
432
4264
1733
3058
1137
3054
1099
5000
2719
4370
3553
2495
3121
4328
3480
3169
2952
3499
4056
4770
3427
4798
2215
738
4102
3979
2622
3945
4753
4516
2430
420
2719
1336
4014
2522
1974
1030
2030
3572
2758
615
292
3827
1655
4180
3744
2238
1180
1558
2910
156
2473
2131
466
3877
4672
2832
348
4188
1777
4117
1750
280
4525
340
160
2358
3865
721
4765
1942
2434
676
4647
2691
2815
3999
3133
534
1607
427
939
137
3297
3455
3967
448
1817
2506
4316
4684
3047
1591
1597
515
827
3262
2191
4756
4390
959
267
3090
3542
2973
2051
2409
1690
2937
1776
4203
1124
4836
2220
3356
2894
692
1568
4868
4318
2655
1719
736
1984
3017
2248
1695
1887
3868
4381
3119
2556
4165
1016
3775
2390
2376
2114
2855
4917
4775
4906
3000
4235
1361
966
3758
1429
2932
1304
4537
3314
2094
4715
3782
1478
2146
4100
3517
785
3396
1997
652
3909
1823
4594
1586
3602
2220
4252
1713
4121
818
3203
4589
397
4583
4593
4039
1531
1486
391
2424
738
1970
4671
4077
4536
3402
4624
935
749
3698
780
1300
2442
3051
2627
1917
493
1243
103
1893
1827
454
2336
125
3395
3073
4461
2411
323
3765
3149
274
1479
141
3110
4835
4041
4756
2395
4755
3910
3394
4523
3023
4815
2531
1724
3007
3932
3984
999
1223
2441
325
1996
2489
3182
4245
1551
3225
2277
3868
4802
3187
1753
3616
4199
3701
623
3193
3352
1701
631
779
1886
3417
2025
889
2853
3016
4650
628
2501
2093
2453
3746
2677
1688
2221
1826
4573
483
4438
1181
1615
1674
3612
343
3610
1028
335
688
394
1026
952
1564
2813
3266
4007
1627
3469
2837
1864
3631
1510
3448
2681
4118
2259
4596
2749
1503
543
4850
4641
2550
1109
2633
3351
4722
3904
2052
4183
614
259
1035
2724
4290
3088
933
1719
4084
351
4750
1295
4321
3503
2333
2214
4059
3782
4054
3821
1499
4993
2113
3789
2541
2803
1992
4190
919
2575
2503
2694
4753
2394
85
362
3705
4555
3048
2079
775
4430
3877
3029
3639
3011
2622
2093
2652
3347
214
2321
2106
4932
4616
3420
2451
2355
2438
4738
615
977
3641
463
1027
2220
4868
2442
4032
2078
1573
1814
721
2188
314
1472
1392
1755
3707
2509
3892
1555
4804
4506
4463
2064
2518
1920
416
1435
2176
1554
2179
3183
611
2752
2958
2854
3871
2246
687
2405
571
738
2370
4195
865
1163
437
4711
1171
3845
3369
3094
2528
3672
214
4607
3970
160
3439
3593
3036
3098
4868
2994
3663
3853
1335
621
1126
2080
3966
4318
3561
2025
3221
2798
491
4515
2005
2231
2451
4396
2603
1162
1374
235
3835
856
4174
3858
2950
1042
3626
3231
2100
4036
1919
3474
3171
1986
1451
888
2166
4468
488
2751
2356
3683
545
317
723
3090
2855
1621
3128
1753
4231
2672
4427
1501
3168
3277
109
4664
4923
2413
242
272
2819
2147
2637
1978
2217
193
1039
2705
3376
4219
4941
2009
1236
4432
4132
1212
899
1537
1779
3589
325
1041
3246
750
3353
2502
4933
1332
2575
4641
3705
2160
3281
4478
1443
4793
4919
1121
3898
1656
3158
2998
3138
764
1975
372
2798
2211
1016
1053
1673
3337
3968
1015
1405
191
2934
4218
3791
588
3737
1127
4967
1425
4311
1685
4385
345
135
564
4698
1275
2998
2497
4911
330
4199
2803
3011
184
622
1773
4770
2844
2637
109
2686
4541
3663
2096
2078
90
539
351
301
1816
1169
834
171
3730
928
4107
392
2213
2347
4544
4365
3950
3478
2991
3138
145
1396
179
3348
2048
2626
2019
2431
1515
2592
2353
3040
2917
4168
2798
2122
1223
1868
3899
4154
310
443
2889
2970
658
848
612
348
2647
3324
2446
4571
1162
1070
4619
2306
1632
4920
2528
2458
2647
3800
4628
1494
3379
2691
1505
3618
4819
644
2696
965
2395
474
3681
3852
3560
2623
4142
4706
2800
502
4427
583
4369
4028
814
3407
626
4226
3669
4668
1629
3808
3498
3990
2192
4421
532
1935
1233
2106
461
3856
871
3398
4232
3687
579
998
2704
3585
4384
2383
2265
4091
4517
3006
2167
490
2356
4724
2489
4108
2984
3387
1584
2441
1453
1607
4170
3563
1787
3940
4182
3576
808
3192
1779
2678
4659
1198
1639
1373
888
1142
2274
608
3701
3027
3619
2982
902
1557
2217
2845
2567
3796
1794
1676
3162
439
4543
2901
308
3764
4670
4196
3762
1598
3641
4519
3920
2313
4061
2923
4470
1109
2241
4297
4603
340
3058
1262
4681
3742
1187
1910
3057
1718
2449
3718
3060
4246
4354
651
4259
2403
3580
660
3075
4343
1304
129
752
4391
3647
3899
409
3353
3527
1576
2881
4272
1570
247
4842
4984
3419
4232
2320
1395
2377
2862
2087
4675
2868
536
4176
453
2733
2692
1888
2059
3727
1086
1600
3114
2929
891
2797
934
1490
2448
1855
2531
1921
4971
4225
2987
3242
4429
3351
4230
537
471
3091
3159
1241
3294
1585
3487
2119
2872
3840
416
2708
2409
306
4872
941
3878
2802
785
3128
3599
3246
715
2721
533
1665
436
3721
2651
1653
803
4828
1704
1384
834
4194
1814
1714
1182
1092
2518
1366
4062
1921
2839
829
2286
4936
327
170
1703
2357
465
3012
1727
1865
1050
4150
116
1637
3660
1878
4065
4669
4131
1766
2576
2618
1328
3433
1660
1349
1055
1630
1961
1314
735
602
106
4405
3952
4140
585
4798
3939
4713
3021
598
4481
2893
2787
4550
3163
2691
3127
3602
2882
151
898
1614
3926
1707
3616
1694
1174
4266
589
1396
1291
4849
542
1409
4057
2283
4379
680
3733
2492
612
1755
150
4207
4518
4620
2783
2911
349
1124
4002
1343
2119
896
4804
2783
3952
2898
4360
4288
2198
2630
1823
4266
1533
3495
92
2673
851
3063
1505
3617
1598
1477
4659
3999
801
1949
3706
133
123
1522
4069
4468
3068
4362
4506
4846
190
951
1983
3590
2826
2126
2196
2669
335
1525
4325
1096
3968
4048
3466
2389
4019
2557
86
2094
2715
2339
2639
446
4765
4647
3090
4838
3738
3668
686
783
3903
484
822
2897
4974
1949
339
2998
3483
1796
459
252
4002
4425
3766
4977
3173
670
4917
4866
1031
1382
3674
1035
4400
3968
1422
1875
1280
355
3114
4658
1342
3272
3510
4081
1840
3510
3864
1397
2721
2294
2745
4247
3158
751
79
2392
3770
4977
597
4509
336
2576
344
2022
3394
758
3715
1449
4492
933
274
2183
3630
1262
1744
4559
4440
464
1332
1076
219
1899
3969
800
1610
3967
3956
362
2962
851
3538
2964
711
4152
2753
1164
3578
3326
250
2454
148
2348
1054
2173
1409
2519
1748
3307
4482
4894
645
3793
1485
1337
369
4180
814
2812
4761
2081
4184
3930
2927
1406
1795
4509
2532
4857
2958
1118
1082
1344
2702
3688
2939
1532
3162
2501
1860
2075
2867
4953
3527
3821
3541
4279
227
644
4557
3075
166
1426
160
801
2358
2392
2843
4795
1899
3896
572
2581
2220
3659
2258
1082
4592
289
3402
3722
1479
134
2500
1162
4015
3236
4474
3741
801
4297
3691
2068
390
196
320
4564
4933
73
3918
1462
4505
2512
4337
2600
887
4003
2257
4195
835
931
1808
715
1294
4180
504
1722
4188
3834
1795
2276
4705
729
3107
3432
1774
2750
3085
3295
4042
2664
1715
2425
1388
2817
3611
1603
4608
865
430
4072
431
1072
2842
3491
4580
4065
87
3926
1464
2325
3678
949
2088
3543
4558
3998
3507
4254
2264
2400
2556
4982
1299
2965
826
1377
198
1709
664
4180
2079
205
165
4265
4262
2603
3639
3851
4082
155
2922
3024
3457
1317
1079
2100
864
3231
974
2578
4437
492
3918
2088
4843
3668
3961
2383
839
3415
1610
2418
399
1943
3595
4973
4559
2503
421
1067
2918
3843
272
1156
3160
1169
3944
3906
443
3427
1774
2617
1891
2480
509
3212
3326
4737
2475
1176
3738
3384
2286
4882
4104
3610
