86235 657 72
679
912
809
285
671
205
811
886
694
800
88
393
17
185
108
647
189
395
152
315
949
382
922
499
343
398
382
58
744
130
999
663
708
918
995
948
315
98
756
370
175
692
661
441
839
679
133
670
970
27
556
983
882
55
674
109
795
518
388
691
780
561
990
164
790
838
405
735
251
605
220
416
729
45
224
36
841
483
527
906
653
83
943
830
606
71
891
663
357
843
37
292
239
285
455
754
137
232
24
748
310
366
408
319
125
825
505
439
480
348
488
26
635
915
267
74
410
702
458
571
841
309
645
935
662
660
554
798
148
70
566
705
906
628
543
80
41
542
701
927
638
849
900
170
865
629
367
842
784
569
486
134
539
722
809
841
630
199
422
73
892
219
189
107
966
740
936
313
771
947
109
662
782
449
789
845
118
781
369
478
125
675
547
863
596
669
963
183
970
737
828
600
741
207
603
45
259
570
820
681
923
198
482
445
169
137
443
157
425
749
585
249
954
820
98
662
653
838
167
275
885
400
865
914
424
550
605
367
332
66
94
339
968
388
343
178
397
165
727
760
634
931
649
301
362
218
629
335
239
147
874
946
101
651
154
139
680
277
601
243
607
289
82
188
975
465
596
702
582
441
919
492
618
302
164
474
784
786
847
975
389
641
348
488
992
758
847
674
882
902
462
867
102
955
732
167
634
22
730
891
762
604
22
218
293
30
577
28
975
358
594
752
132
677
469
878
540
150
595
251
522
102
611
918
378
348
365
768
183
889
312
562
829
663
119
323
72
462
48
947
729
903
30
668
818
262
782
945
523
220
629
441
271
388
558
474
71
159
186
69
563
775
187
64
651
488
572
815
913
237
799
11
802
742
210
935
572
717
998
250
146
352
809
786
208
790
924
86
964
769
312
373
323
212
151
695
248
551
925
876
981
779
127
418
1000
722
370
621
750
418
552
976
134
295
363
271
266
179
826
876
66
447
720
667
963
579
66
149
161
148
608
142
770
960
745
532
704
959
627
612
248
882
971
363
392
66
129
163
299
553
407
975
329
466
860
749
194
376
52
286
202
790
66
996
972
897
420
968
855
758
393
485
33
307
714
533
589
148
680
458
802
779
88
761
104
928
231
345
333
854
651
75
373
71
379
367
854
439
304
521
993
59
26
188
731
284
445
52
202
991
431
727
224
30
790
971
899
988
25
254
451
79
638
347
32
699
674
95
10
108
877
372
483
978
237
369
731
780
624
467
625
405
250
956
519
330
739
54
204
638
789
217
33
595
336
949
982
964
108
101
498
738
752
862
846
40
908
295
447
790
938
755
624
672
42
649
365
108
608
74
799
760
836
381
77
774
410
511
829
729
132
353
528
972
11
769
75
313
505
822
919
430
129
914
736
901
982
516
946
523
503
310
181
132
929
403
523
239
652
710
148
892
505
829
255
250
110
964
574
563
623
11
41
493
337
702
625
196
112
642
706
682
234
817
791
78
569
875
282
431
579
845
874
155
273
384
784
