5335
915
794
449
294
245
558
747
133
938
771
581
258
896
650
970
633
889
965
295
506
854
90
647
685
853
726
918
235
940
535
719
925
406
896
160
61
942
694
679
656
881
152
913
67
576
787
406
552
556
980
370
923
452
467
956
767
227
835
588
714
726
86
316
400
638
174
913
751
725
149
372
551
913
710
551
752
616
808
520
941
872
149
365
877
871
274
742
53
986
611
374
788
353
191
421
458
999
162
634
961
983
251
215
770
489
547
298
251
530
95
495
412
647
400
971
860
361
578
652
406
353
937
573
977
164
354
680
368
878
94
499
563
953
429
450
746
318
725
490
635
598
343
86
870
331
310
484
937
986
715
530
875
825
262
231
568
774
869
356
446
452
685
630
555
805
705
766
378
91
672
785
529
481
400
974
554
294
989
696
338
823
679
256
348
608
433
734
290
933
432
742
509
805
459
135
578
53
456
240
767
965
667
71
704
510
504
317
402
771
335
540
903
717
179
157
614
635
74
284
650
757
424
967
733
893
316
64
920
84
454
389
449
279
518
613
194
938
888
609
554
783
748
427
154
158
234
78
872
991
303
464
490
50
814
424
862
220
604
317
774
911
422
838
925
919
843
888
613
581
308
127
987
424
491
649
609
391
510
560
392
988
112
121
849
618
57
477
716
440
396
229
692
657
296
314
844
55
56
543
680
260
66
529
981
769
849
76
153
868
653
214
310
498
419
110
885
732
774
953
334
682
426
583
348
581
801
789
274
427
367
480
586
677
317
703
743
930
491
311
55
539
654
346
819
453
570
314
981
273
136
825
223
80
473
74
536
260
822
858
864
663
183
128
395
845
446
402
569
849
669
110
955
774
788
332
270
250
527
199
894
146
687
247
766
741
702
791
836
515
628
372
374
133
319
298
638
267
635
174
363
535
798
373
976
474
138
566
223
950
599
989
946
251
90
58
850
932
163
219
801
940
468
167
139
327
135
397
69
106
276
199
808
331
353
97
597
938
876
745
901
395
761
943
609
200
575
160
674
824
927
157
316
248
395
708
259
677
595
121
255
758
423
774
596
826
434
50
524
136
658
827
83
620
536
150
895
805
956
330
861
306
402
264
497
780
390
868
334
761
276
231
946
894
994
456
275
306
816
621
261
548
557
846
769
778
303
526
128
210
361
362
850
158
239
585
832
326
752
891
86
857
273
675
369
391
537
992
153
719
126
122
63
262
370
674
724
285
658
371
150
755
558
990
549
734
820
96
950
321
633
120
275
316
219
472
452
736
206
899
635
331
116
251
384
228
346
829
549
104
978
539
157
800
776
786
537
428
285
710
812
542
707
143
445
734
140
747
878
737
966
900
781
164
922
155
407
796
595
455
233
782
851
218
929
195
930
890
346
432
118
978
96
935
187
805
319
970
858
914
615
773
650
659
950
434
888
342
664
247
847
652
569
388
401
393
162
725
331
645
703
218
937
877
233
424
624
788
794
704
848
713
87
215
176
693
271
445
842
818
731
988
746
163
328
886
55
238
692
549
165
82
917
510
637
971
760
392
165
451
373
870
329
813
127
803
889
668
745
586
961
395
584
881
880
226
708
738
614
810
900
276
314
669
316
772
437
346
989
328
689
718
569
719
395
989
199
230
232
728
928
68
642
114
283
673
728
780
67
861
480
841
890
332
924
849
945
319
426
310
327
204
794
278
157
504
558
479
887
58
167
513
210
197
745
968
609
420
835
606
127
620
279
999
675
741
652
967
442
161
707
149
521
615
441
805
508
379
503
693
429
544
499
335
413
887
115
667
178
704
758
434
600
431
785
898
196
979
619
585
989
368
522
233
609
361
730
482
117
196
646
274
926
121
231
963
565
879
630
974
299
171
271
881
109
777
778
609
118
67
703
286
523
755
261
991
598
700
564
360
943
886
95
379
433
567
347
477
210
338
531
370
189
448
616
705
591
624
426
947
776
274
701
585
487
398
626
542
995
754
391
580
898
76
476
381
857
586
634
264
235
236
318
425
490
759
417
527
790
989
559
122
698
150
692
119
672
198
823
361
299
829
665
315
591
624
929
821
669
267
552
888
947
326
620
975
863
674
185
821
957
173
162
638
925
1000
996
877
621
713
389
299
721
591
287
453
661
980
769
427
841
266
645
618
921
816
336
99
228
61
728
359
998
578
701
320
560
992
679
458
71
535
453
664
734
778
368
639
164
478
141
341
326
366
443
324
531
255
579
565
758
492
660
534
76
601
960
997
809
779
226
870
73
116
736
346
205
326
933
285
608
838
214
511
195
967
963
298
889
824
170
371
313
570
563
476
99
677
879
638
469
218
335
765
735
387
766
696
836
140
235
297
160
795
91
717
172
216
824
723
578
507
842
230
753
872
877
926
264
345
863
385
413
953
761
686
523
828
710
853
437
257
494
102
87
465
733
274
834
602
742
66
903
179
681
190
289
403
78
946
564
935
630
214
339
740
423
724
96
781
607
819
404
130
316
552
570
134
212
957
336
480
989
939
309
471
350
450
982
843
127
882
249
64
957
410
558
575
84
856
848
951
544
950
656
428
704
393
190
737
515
430
556
476
367
703
616
324
140
555
324
301
758
985
117
250
686
275
895
917
985
849
700
505
456
941
108
342
529
718
975
276
413
811
109
412
800
227
939
962
405
138
213
94
660
992
890
375
59
182
501
810
471
215
706
364
370
183
327
381
615
180
584
153
690
840
836
794
959
984
451
651
264
967
598
526
495
832
466
51
809
960
106
139
215
358
529
81
595
737
549
226
798
810
951
506
280
667
133
616
57
112
798
329
371
496
329
423
815
601
535
259
541
770
544
506
465
993
589
251
623
306
955
390
560
812
287
741
648
483
67
877
952
957
969
232
61
998
445
1000
348
504
142
626
950
594
715
569
287
974
318
969
666
117
256
489
379
475
545
165
783
751
360
881
927
951
799
367
214
858
242
271
589
183
115
750
715
388
65
318
127
274
382
136
494
79
274
485
900
962
247
597
977
607
754
928
364
784
240
467
532
450
485
296
82
993
272
349
744
981
813
774
455
121
597
753
467
79
570
85
171
317
845
291
649
72
623
183
222
346
611
763
255
757
551
180
835
283
739
681
1001
812
837
272
148
353
443
735
735
731
979
536
643
859
489
941
752
618
698
451
156
290
909
212
990
713
614
303
570
447
492
219
156
951
80
607
483
151
353
831
396
967
535
55
565
848
467
712
817
973
300
466
302
723
554
328
212
525
321
268
239
968
531
523
920
788
196
255
736
856
422
277
460
69
945
822
999
224
51
433
458
690
913
308
780
734
210
784
416
445
897
436
300
723
992
659
787
194
411
117
518
430
909
869
111
289
688
527
208
608
402
590
696
453
586
149
275
361
885
811
966
425
886
627
485
768
433
294
318
923
705
560
129
298
772
549
671
779
878
792
467
897
992
996
979
996
374
383
759
502
134
826
293
209
255
999
156
702
108
848
580
697
825
685
197
478
104
80
766
627
863
550
200
204
986
94
826
684
819
997
652
743
124
961
284
537
524
788
392
380
206
372
50
713
277
711
756
161
899
742
707
186
661
486
87
575
218
398
381
955
444
918
776
481
903
369
521
976
945
370
74
125
661
941
350
179
375
804
63
630
516
142
154
600
998
369
548
201
366
275
831
239
564
129
542
613
296
402
587
562
629
484
571
661
510
961
631
234
333
310
444
166
242
126
351
591
627
163
78
408
982
630
652
255
708
508
336
742
421
947
916
901
177
81
301
606
258
809
718
254
432
68
871
81
911
465
527
946
739
407
689
593
984
541
327
420
794
550
525
750
427
191
141
683
140
868
249
299
992
462
414
845
345
63
512
854
610
204
784
611
830
426
581
946
842
438
506
268
853
330
139
529
383
227
948
692
265
682
691
486
615
598
723
765
181
96
144
999
426
296
831
900
879
817
283
770
760
629
96
130
459
773
751
993
962
327
478
538
600
967
350
776
209
90
777
465
302
745
428
175
716
539
964
227
662
251
166
485
900
446
737
523
432
704
623
379
63
63
711
136
399
780
548
981
124
376
434
624
295
166
183
201
357
221
813
408
444
625
132
974
955
575
101
305
211
262
59
903
456
658
912
297
468
410
58
909
941
85
582
501
455
164
108
550
748
750
58
675
999
478
917
652
916
124
189
345
923
352
241
834
427
838
245
880
817
280
394
746
171
363
518
346
592
338
454
861
748
839
167
934
54
671
579
81
74
981
266
172
955
621
114
639
939
125
756
435
308
693
73
271
67
602
496
762
151
242
337
670
184
304
303
143
298
813
830
764
532
526
1000
485
120
820
735
741
142
668
896
493
428
426
136
487
527
315
840
885
159
888
171
601
487
778
854
640
297
809
478
773
471
553
489
896
258
236
50
820
359
755
843
608
732
754
750
840
255
273
966
140
315
808
899
197
415
651
534
439
647
106
349
178
815
286
778
736
561
265
836
108
802
932
368
210
819
729
109
51
278
767
74
811
827
449
487
330
436
851
295
501
409
362
868
988
518
751
632
346
433
260
802
433
548
503
551
1000
130
589
269
479
94
381
713
350
619
412
327
614
436
239
75
409
845
60
536
554
709
227
588
640
538
71
224
876
856
819
429
902
673
238
646
587
141
632
921
255
275
595
354
425
908
992
326
584
180
618
426
536
746
549
199
56
928
502
327
297
627
1001
738
338
732
275
186
802
649
538
307
304
150
347
834
226
833
128
268
730
71
739
73
829
526
279
221
655
614
417
62
887
858
379
853
115
594
764
763
848
249
412
356
636
839
332
160
566
983
502
635
519
251
194
969
862
790
876
768
138
292
53
152
406
690
529
547
547
379
386
782
746
987
205
380
318
174
444
463
615
212
199
66
964
540
229
226
535
270
199
932
603
278
413
964
850
258
920
844
316
700
754
715
840
468
809
483
368
806
1001
780
610
166
684
178
69
567
782
608
927
501
573
109
796
115
183
904
171
252
118
291
161
354
684
114
824
135
712
731
785
866
344
555
401
257
87
84
987
280
258
657
678
260
584
896
656
255
195
938
946
852
591
67
104
327
912
746
302
233
688
188
282
210
538
493
701
93
295
383
267
391
109
554
919
884
565
452
836
233
971
571
815
548
151
55
302
299
714
611
415
995
741
369
595
877
249
460
634
839
546
294
856
734
562
372
691
113
973
691
891
681
700
633
648
975
268
573
258
837
860
396
873
876
93
719
542
890
376
587
138
144
717
60
692
723
395
973
629
992
565
900
503
746
196
933
799
378
470
707
393
57
915
928
692
479
244
964
217
659
106
962
722
172
333
578
246
384
843
102
95
703
220
963
439
521
871
805
457
973
719
191
268
136
787
507
585
868
657
679
471
595
377
176
156
408
601
173
864
443
789
154
177
878
227
143
245
330
766
393
134
744
816
128
615
254
417
478
727
207
380
635
893
879
879
470
211
560
512
393
858
687
859
534
871
102
300
482
955
81
767
425
456
149
249
986
406
995
998
902
809
487
395
802
309
496
527
297
86
943
641
617
233
895
520
154
319
811
458
243
851
981
302
288
774
603
96
432
468
494
383
853
259
500
170
471
566
375
124
387
390
321
558
544
525
979
378
806
493
784
472
224
567
645
171
117
358
322
749
134
852
389
145
687
450
701
715
597
295
383
786
685
990
717
560
325
360
684
165
331
357
986
580
580
338
554
924
369
656
718
850
207
489
396
778
631
735
823
377
682
353
578
611
804
591
457
599
249
162
928
731
324
158
320
862
931
121
305
66
566
667
961
741
788
690
134
761
698
820
728
150
987
64
953
902
322
252
80
909
532
840
562
429
160
311
104
675
857
222
963
745
245
510
83
854
804
149
580
147
127
839
217
581
378
849
838
316
853
852
821
160
680
582
957
124
473
983
126
881
989
243
467
264
297
105
50
610
623
429
931
675
365
712
526
291
196
894
94
771
208
861
437
799
337
634
188
64
927
438
120
448
652
584
840
217
944
488
332
163
735
628
555
555
115
971
303
318
519
677
187
655
426
781
231
304
944
276
766
97
692
787
204
457
647
550
734
838
97
722
347
310
335
908
268
395
940
573
661
432
173
874
446
542
683
171
298
999
995
595
259
734
333
579
376
521
675
84
737
108
701
326
743
855
898
371
449
994
991
237
789
60
992
188
702
529
470
168
554
945
729
966
398
308
999
170
147
595
756
326
65
156
883
448
768
952
540
686
206
401
65
897
764
274
723
159
230
813
771
762
715
688
918
609
642
217
211
780
183
560
844
335
759
517
446
421
907
263
379
110
57
364
419
100
379
329
592
325
391
661
463
551
214
879
283
592
712
716
383
762
369
375
815
139
477
419
474
672
255
996
230
257
581
875
677
498
147
643
325
927
86
661
277
637
684
969
555
260
73
262
832
349
128
271
412
961
454
186
141
398
995
423
331
561
63
504
206
557
215
311
339
793
820
328
150
433
405
721
525
930
709
787
234
489
425
744
151
456
139
324
941
579
151
427
330
207
57
367
69
647
63
447
583
482
830
230
810
650
856
764
383
993
551
325
232
81
107
975
77
891
197
674
576
95
755
320
800
850
821
260
319
159
573
697
837
322
809
600
695
157
465
68
265
740
320
67
640
703
302
204
889
594
742
271
845
318
226
598
504
679
83
876
811
337
831
255
486
449
676
425
328
419
247
365
690
611
109
354
913
273
189
360
835
188
174
605
649
604
69
476
212
308
185
859
909
995
82
702
775
492
683
372
368
870
752
714
538
648
901
319
450
136
991
422
385
479
444
303
502
151
63
448
57
690
917
151
243
634
296
978
476
994
469
843
831
961
663
965
697
307
766
702
795
430
859
729
980
867
470
640
80
537
758
813
281
351
569
514
91
646
708
411
770
762
69
557
890
413
561
365
844
546
462
315
451
1000
329
534
414
338
358
870
341
762
189
879
462
127
704
214
643
218
202
90
473
658
664
849
402
714
587
746
661
226
188
838
719
628
247
290
699
804
936
799
111
237
384
651
830
250
361
963
546
232
341
664
625
346
142
705
126
595
191
345
123
664
865
419
787
125
570
731
365
190
547
108
679
212
550
865
811
360
629
73
438
218
635
895
393
765
439
561
904
968
648
808
610
370
159
225
248
274
832
162
983
547
847
159
546
718
699
583
1001
811
876
147
269
461
371
636
337
621
815
78
757
639
245
284
93
184
638
139
892
83
876
334
469
238
749
798
864
324
959
384
278
404
959
656
360
257
830
107
847
481
155
280
480
476
290
230
332
366
303
119
166
665
395
577
634
350
818
834
414
998
393
1000
336
554
302
914
283
368
366
584
524
496
367
412
213
812
906
657
921
522
158
465
716
407
374
178
197
218
879
447
795
647
219
362
714
990
815
314
430
203
531
907
539
826
515
289
202
450
982
294
472
185
538
528
835
291
321
531
434
151
751
144
600
580
797
469
594
166
699
135
243
508
940
962
563
237
620
958
698
292
476
107
597
825
959
523
409
377
856
858
493
893
516
184
485
822
179
910
764
271
557
957
692
429
395
971
501
600
311
930
95
618
854
679
931
753
358
351
550
778
883
569
293
337
347
419
212
957
704
454
801
72
174
323
164
670
504
609
111
990
268
819
636
358
90
649
632
907
185
197
328
895
693
564
877
523
150
957
588
368
797
238
726
509
195
775
571
274
332
313
501
902
957
257
385
256
298
205
363
982
505
431
762
197
723
926
568
657
955
411
832
825
818
267
690
543
882
74
550
417
648
635
476
356
695
244
211
917
551
623
822
206
144
702
254
407
992
553
984
910
511
580
104
576
136
135
70
881
324
67
766
53
606
459
803
856
997
669
770
822
701
362
710
584
649
425
902
384
963
515
566
85
485
77
909
908
296
872
990
998
502
152
735
772
424
852
752
763
337
686
597
801
506
404
172
606
528
837
212
964
161
548
431
397
204
289
630
429
66
777
889
405
217
482
303
415
866
869
762
984
890
56
560
268
585
665
639
593
186
754
482
452
253
123
491
199
251
874
576
145
69
527
64
487
95
294
543
222
558
394
681
980
524
80
741
248
200
125
406
421
152
728
691
706
641
167
315
963
724
448
950
957
811
148
737
880
101
671
76
807
454
632
622
330
968
375
344
172
116
182
384
932
994
620
393
564
251
822
277
607
707
361
562
749
543
82
530
632
725
938
714
196
398
930
271
404
189
935
570
298
442
891
74
258
714
852
424
219
419
289
598
508
709
918
982
100
488
760
864
586
353
723
409
134
564
940
808
933
956
547
853
274
428
503
511
144
550
356
399
527
753
266
289
67
896
127
460
79
130
109
387
961
794
542
925
614
818
764
458
914
713
527
597
150
310
266
454
790
442
581
182
66
999
380
669
602
734
864
845
698
665
685
252
719
348
784
82
283
270
879
319
83
672
60
387
349
431
635
173
110
158
880
918
746
145
305
596
545
689
830
948
245
698
556
857
261
543
815
688
518
301
589
52
76
841
202
711
926
912
198
148
655
990
644
957
717
396
476
560
720
683
973
474
788
319
483
858
790
649
75
803
151
606
512
882
303
544
99
171
156
569
516
983
966
232
974
380
199
308
151
665
534
567
991
282
71
431
105
920
391
580
544
741
487
745
338
549
484
590
570
977
758
493
145
154
527
810
503
194
301
218
225
423
976
739
476
761
476
910
50
305
888
540
95
985
499
940
628
742
60
788
266
867
515
714
870
59
249
823
471
947
75
157
531
888
194
891
78
83
490
772
222
134
708
714
821
54
459
527
322
258
925
319
201
424
52
852
153
232
942
529
460
359
708
858
506
403
819
426
651
989
319
333
865
660
584
166
818
545
432
515
828
484
505
228
64
937
276
943
85
295
118
260
279
539
543
316
238
415
992
373
132
393
136
429
227
804
543
689
709
649
574
231
255
730
314
608
91
652
294
340
838
703
255
916
291
955
312
582
217
173
714
752
274
480
164
479
536
570
975
234
742
384
153
400
423
651
979
835
763
116
526
84
180
662
317
782
418
400
905
70
70
364
569
625
456
786
889
274
639
111
176
215
640
645
192
782
807
57
81
496
270
636
878
752
872
690
235
321
204
296
93
283
177
561
640
946
753
100
749
330
834
338
386
740
531
973
264
555
370
437
798
404
318
66
997
986
970
595
347
852
151
409
701
886
474
677
556
971
495
646
819
117
195
296
982
654
403
157
404
221
301
613
201
973
575
575
299
718
772
572
660
754
700
86
453
210
535
141
256
524
55
965
336
542
393
934
874
398
427
66
998
997
696
950
890
390
777
708
983
239
366
763
934
811
115
150
409
459
652
126
637
976
208
532
74
629
681
993
607
315
937
209
916
318
984
63
464
64
72
739
529
435
689
995
393
792
306
784
985
990
858
695
454
386
416
878
80
742
242
570
937
133
462
779
625
55
655
306
664
709
621
348
643
740
665
369
469
808
398
213
277
102
561
936
604
86
229
557
675
622
894
453
763
255
176
865
345
377
828
136
386
433
599
602
404
647
999
878
93
172
383
958
375
487
720
280
709
247
330
424
985
585
673
247
118
457
785
235
631
115
150
963
101
280
256
623
436
366
531
599
677
984
952
70
291
699
167
851
735
435
788
723
798
159
846
383
189
766
663
205
200
339
494
806
336
730
152
690
326
475
802
886
767
875
269
102
76
856
938
869
60
124
726
511
351
151
944
980
307
225
697
921
153
169
164
735
864
285
749
772
445
143
250
237
790
550
994
936
317
167
273
806
108
449
980
736
669
655
361
650
403
731
269
69
57
674
524
345
693
582
300
366
980
962
151
700
855
65
882
356
521
459
844
137
95
88
743
181
321
963
283
240
461
343
260
593
884
579
911
409
110
852
635
638
524
72
242
429
168
725
952
116
260
539
351
216
712
978
942
618
952
479
914
303
214
560
179
473
651
456
985
239
81
517
656
863
659
932
568
905
579
752
507
181
895
130
611
257
211
767
564
649
160
704
844
618
150
467
803
76
765
118
763
310
931
653
658
76
548
674
950
87
593
906
872
504
868
895
621
321
634
136
94
910
342
465
767
793
722
397
685
169
733
454
895
296
191
947
65
628
885
658
857
278
748
621
766
761
395
343
936
972
902
515
909
158
858
294
387
602
428
412
407
562
746
585
615
68
951
728
909
72
207
616
504
771
69
238
494
88
943
369
557
540
461
184
942
200
222
682
63
605
164
545
616
622
653
822
881
285
874
531
770
869
609
832
440
591
386
390
283
880
589
98
306
172
965
651
760
707
586
954
422
530
995
917
764
927
904
818
400
683
516
991
428
929
693
540
600
677
745
327
525
118
436
638
903
128
513
524
764
255
996
273
513
921
229
307
551
689
213
962
620
380
833
733
866
320
91
507
348
750
58
273
691
676
879
872
953
217
300
202
442
604
596
326
59
764
905
178
822
390
638
305
429
341
591
101
957
97
401
298
971
413
200
591
736
947
535
171
416
516
975
980
327
149
778
519
516
748
821
91
169
65
681
110
270
137
511
525
481
797
180
943
778
259
997
425
257
460
350
596
370
516
560
838
521
906
805
785
184
839
835
586
236
72
126
572
221
429
538
936
457
587
97
315
593
953
905
543
618
834
132
489
177
849
116
984
404
276
941
521
489
635
429
651
912
787
223
773
430
531
648
316
574
58
130
131
388
452
685
953
962
500
746
298
634
462
441
189
627
344
716
354
855
654
484
665
691
685
709
516
981
814
325
485
381
574
510
341
982
763
578
818
223
244
83
482
723
710
859
854
896
686
849
314
797
190
714
409
259
208
746
329
759
806
473
1001
618
546
492
312
836
765
574
568
765
197
284
909
506
68
666
551
749
279
564
979
795
619
335
314
912
120
869
885
107
633
379
691
512
685
438
404
530
226
70
839
918
959
393
435
817
421
622
225
836
203
779
631
673
234
301
607
975
566
761
585
213
93
822
953
197
549
852
460
844
575
188
708
774
397
470
382
215
943
777
581
515
524
303
978
176
581
860
804
466
637
776
787
932
928
362
598
963
409
507
918
80
347
177
725
103
937
664
978
931
606
699
455
628
416
907
318
578
607
332
334
421
576
605
319
543
952
478
107
91
418
908
516
466
520
579
640
621
392
971
414
433
426
254
994
464
712
669
477
967
271
726
504
532
848
410
667
853
767
435
754
212
423
521
782
509
437
742
697
229
92
681
108
166
65
246
179
156
872
471
494
189
682
858
124
514
581
857
781
890
156
943
170
938
512
241
662
137
466
793
106
328
217
228
252
728
337
621
103
744
462
210
328
563
359
714
653
569
417
55
523
436
326
403
422
774
356
499
262
160
156
802
354
976
836
748
339
416
847
965
823
412
678
984
276
366
420
57
755
965
199
578
365
112
530
877
511
247
96
573
233
821
673
921
133
341
513
376
727
510
614
652
102
414
370
981
641
933
130
812
646
482
603
216
242
770
591
182
947
651
52
955
805
374
925
614
347
381
202
516
630
340
671
811
524
110
967
241
476
604
704
301
883
474
558
473
743
873
718
805
126
254
625
67
878
561
52
235
592
785
263
718
887
812
395
127
269
539
379
423
563
697
679
150
717
485
174
304
290
889
103
275
362
934
380
927
908
773
494
784
909
934
992
801
928
739
117
764
651
1001
982
563
800
351
369
986
270
910
53
360
53
248
939
599
304
170
453
799
145
917
899
763
154
837
278
964
52
286
444
564
313
651
751
839
404
549
353
374
281
678
982
413
357
642
90
941
852
184
600
222
674
380
888
622
286
947
579
757
300
670
647
440
651
538
116
90
400
971
629
743
274
647
647
962
891
69
582
507
53
397
336
67
913
615
570
816
634
615
140
141
86
972
503
676
550
338
193
549
280
366
820
366
135
945
103
353
715
195
807
770
841
772
60
167
755
547
831
815
856
90
336
253
893
830
913
97
914
879
456
938
641
837
698
892
121
148
442
840
911
116
833
141
231
714
912
951
572
625
337
548
216
113
489
541
277
778
135
313
97
480
596
177
434
887
969
540
743
78
635
527
659
333
842
954
187
146
478
546
703
397
288
500
717
524
639
225
359
592
342
983
702
318
406
311
593
844
111
560
883
738
247
486
