7029
859
108
304
53
271
233
190
376
136
132
903
664
665
654
758
899
200
719
342
267
577
407
845
584
379
415
348
698
620
185
173
104
244
484
977
790
303
407
83
191
428
623
619
428
515
254
875
808
330
111
466
853
600
426
369
380
165
773
353
136
341
781
252
300
830
946
387
469
220
230
216
518
465
510
187
82
367
371
168
992
202
644
354
747
581
786
921
588
230
122
524
740
722
634
604
831
890
1000
180
746
455
557
572
582
768
837
136
259
95
843
839
156
309
620
465
273
637
314
930
842
846
50
595
123
877
803
669
379
170
808
962
672
514
150
298
205
384
615
954
527
283
112
753
218
608
541
513
328
456
148
907
862
389
123
119
773
822
1000
83
832
243
888
139
917
407
757
436
449
845
992
617
705
885
869
225
696
999
526
762
547
657
297
722
166
251
386
308
357
672
994
888
960
999
149
972
560
879
126
867
404
124
164
427
397
565
330
771
314
966
227
550
939
166
410
156
358
525
173
152
781
154
383
228
800
953
724
649
70
461
82
502
318
742
212
924
897
229
678
850
175
675
961
761
126
543
383
179
480
151
978
842
926
1000
381
657
956
181
364
760
455
472
94
902
119
172
721
534
371
473
479
588
573
849
828
778
92
193
550
715
217
416
870
871
346
670
613
544
797
388
197
794
616
366
597
339
57
900
514
92
578
597
266
138
99
433
605
101
837
528
562
552
630
233
837
196
575
392
544
830
668
99
346
326
433
593
60
164
841
647
651
135
502
701
753
663
1001
120
339
862
837
813
930
168
845
412
324
86
290
996
571
268
387
594
218
903
785
946
503
561
296
173
703
276
531
941
497
809
82
690
113
921
121
857
967
659
376
163
978
68
796
109
354
589
973
372
273
62
999
577
63
496
987
94
676
861
382
324
840
905
875
662
143
130
316
266
300
515
932
630
106
726
941
539
584
506
769
287
900
894
895
63
347
133
624
479
919
931
138
475
100
979
123
976
951
925
879
288
420
629
236
918
959
671
149
814
919
783
465
820
786
685
797
1001
244
307
621
440
563
885
879
568
322
125
437
722
647
681
423
303
393
456
285
395
666
499
918
261
857
887
738
69
376
333
61
300
797
148
154
176
652
849
558
277
616
168
277
97
294
850
242
441
744
618
57
762
574
425
948
254
540
305
906
142
544
114
438
878
702
254
138
836
121
212
945
492
620
618
628
931
740
387
291
391
513
293
628
912
851
109
251
567
675
616
755
977
405
617
954
684
940
427
249
421
126
734
696
812
707
746
345
516
806
851
290
930
899
245
318
614
471
76
337
723
216
202
954
759
251
113
926
345
283
103
209
173
529
211
186
279
301
597
215
742
892
573
832
166
318
130
704
466
920
149
87
192
147
244
506
607
444
807
475
929
118
810
537
517
858
180
622
440
235
531
309
601
901
617
268
510
314
126
245
364
704
171
77
601
809
214
906
554
242
204
733
439
634
249
658
657
593
530
869
141
444
228
787
602
601
669
832
1000
929
86
361
293
169
832
586
845
404
95
69
511
828
680
408
267
356
665
329
520
312
71
938
86
80
431
247
478
74
451
517
466
563
250
175
487
700
467
373
680
988
223
928
580
588
348
327
494
989
865
564
454
629
248
339
111
359
615
931
330
940
135
636
843
821
391
698
582
737
968
227
387
786
197
379
650
288
974
976
641
300
727
378
420
885
767
416
740
402
379
889
507
798
841
717
517
780
448
235
182
867
525
947
365
799
727
626
164
720
229
732
217
439
568
648
123
467
430
452
954
986
951
305
816
394
470
744
256
565
60
546
627
822
944
550
292
331
621
718
54
666
588
842
183
253
400
875
802
826
684
298
224
400
711
545
785
562
122
998
618
801
822
762
107
99
592
766
918
65
747
730
57
889
656
357
439
217
673
559
377
77
209
816
66
179
507
850
801
766
705
508
377
852
716
950
654
165
204
459
63
184
628
871
944
816
517
896
890
785
493
391
316
79
317
72
710
579
563
813
696
571
696
146
63
264
645
277
306
326
92
330
858
125
333
845
698
391
167
466
386
372
693
434
639
298
256
978
344
938
116
146
141
264
769
322
598
986
618
538
950
609
543
729
222
263
587
227
942
63
589
154
694
776
969
828
858
868
225
165
398
832
850
420
614
775
467
659
419
268
300
823
485
153
652
415
214
963
586
412
670
187
81
321
528
304
69
528
775
260
824
83
729
281
859
657
913
547
231
326
761
748
503
306
479
165
568
782
702
656
580
771
611
119
299
560
114
737
276
353
556
702
914
710
846
832
625
678
447
684
494
990
578
927
387
104
350
789
825
843
523
360
990
640
201
681
739
406
843
832
777
417
605
949
942
524
976
887
115
895
977
947
767
582
388
643
254
571
144
369
655
349
698
80
218
673
509
754
977
143
467
249
1000
572
888
249
180
780
404
872
691
719
593
338
850
473
617
709
583
224
666
751
461
135
873
500
583
663
209
400
206
355
467
232
404
256
498
99
50
865
59
717
669
424
171
435
757
526
289
779
293
250
976
124
928
646
644
736
587
727
252
56
458
120
561
119
584
143
733
538
919
272
103
201
469
873
122
127
309
298
977
310
567
68
690
957
853
221
94
974
317
521
944
471
486
486
72
463
351
758
768
602
244
82
533
296
80
569
773
136
385
939
759
589
390
455
264
371
341
590
909
238
836
792
205
461
671
469
564
88
871
339
786
534
309
508
510
185
412
545
242
801
314
411
715
937
859
493
157
378
397
251
963
573
537
217
747
457
720
774
198
684
774
79
983
853
896
554
778
948
765
677
870
513
213
296
825
472
469
585
810
589
828
719
128
376
920
1000
700
207
642
426
571
232
137
559
733
414
466
854
383
659
685
836
180
77
809
244
960
573
818
229
150
387
154
856
146
396
118
617
173
915
289
608
567
499
173
521
281
211
957
214
301
448
885
375
495
553
933
992
639
958
601
119
939
208
407
928
745
228
533
796
863
311
538
732
334
465
864
877
75
429
234
377
77
358
129
865
772
848
708
801
933
54
876
875
696
823
758
936
991
99
917
698
725
139
504
607
693
334
62
537
574
935
980
392
817
91
538
111
575
711
220
400
803
389
51
732
52
284
332
478
369
98
403
540
100
229
538
610
830
721
597
406
903
555
844
363
478
806
468
506
371
757
888
752
251
448
367
650
708
147
360
254
499
225
155
145
714
988
913
215
808
272
838
618
223
649
401
649
565
359
124
677
596
343
923
106
874
725
177
642
454
443
963
497
720
349
771
61
175
670
109
209
465
339
536
407
553
78
496
953
349
192
433
917
872
962
492
590
428
243
956
191
487
806
947
257
954
808
638
700
429
779
328
97
68
221
252
638
332
678
402
328
427
527
313
242
609
683
988
286
980
612
390
518
636
711
242
882
79
356
419
170
275
687
233
925
417
897
198
729
946
682
325
900
695
948
838
659
291
206
663
636
158
579
182
915
434
125
931
358
335
989
961
993
913
108
222
529
949
192
752
437
281
735
607
932
932
794
233
116
150
645
253
985
863
791
683
339
584
647
198
628
567
392
843
419
399
290
501
166
218
161
130
348
518
706
923
975
612
417
567
894
721
891
816
934
167
950
548
925
794
476
882
540
402
760
930
550
827
306
560
228
928
215
938
914
550
243
754
808
979
832
803
50
324
178
772
109
885
209
231
846
160
901
357
782
314
678
679
922
989
291
767
938
928
388
317
956
508
735
565
582
988
596
898
358
590
137
474
777
514
983
581
810
410
805
582
484
796
747
610
514
564
485
579
903
906
307
792
810
68
748
837
905
782
835
84
645
136
943
649
654
94
441
246
669
832
630
839
63
577
719
535
154
454
123
752
54
818
170
633
506
198
335
344
347
601
931
737
419
581
440
132
491
769
551
776
114
452
495
395
523
580
497
593
801
89
274
304
506
65
213
505
558
342
165
63
865
565
967
673
486
496
441
650
706
766
649
587
194
891
242
141
906
545
661
959
400
802
592
115
272
222
449
915
420
144
151
686
577
148
624
113
452
124
303
708
317
937
586
738
778
974
166
940
821
98
388
373
257
270
316
293
388
703
718
874
803
717
797
830
726
757
596
850
997
803
341
617
885
199
700
375
712
168
382
531
377
469
315
728
112
791
764
384
626
61
476
211
713
737
540
305
950
331
744
951
868
68
161
403
964
133
878
740
914
278
297
994
885
976
185
423
426
711
775
273
419
965
623
744
657
106
821
331
194
711
898
229
851
354
114
444
367
153
976
917
735
591
438
163
329
892
553
359
965
569
476
400
752
478
628
677
708
706
297
60
485
711
75
334
543
893
182
247
338
538
196
438
834
363
857
792
510
576
976
341
966
566
208
973
440
699
365
947
898
421
577
205
723
994
275
412
427
308
675
146
941
820
722
780
721
907
253
933
879
215
618
984
310
347
472
190
146
940
561
896
593
724
182
147
743
128
121
81
188
209
714
131
91
321
284
371
819
527
408
527
474
579
731
942
246
357
912
628
396
633
579
965
405
264
715
786
819
631
945
198
201
305
355
354
275
255
188
84
960
175
834
899
397
617
784
549
509
107
383
658
397
423
586
926
758
321
697
289
337
548
297
678
536
775
932
217
666
209
725
179
765
830
86
244
153
260
743
826
314
702
145
588
472
830
70
464
733
871
230
712
533
312
783
933
182
320
924
964
988
853
834
120
449
431
800
744
75
413
818
941
52
553
541
769
989
964
848
987
653
228
540
692
319
175
851
595
612
818
223
328
692
734
471
792
748
332
360
183
814
892
875
469
315
903
575
193
812
247
592
97
833
960
150
719
367
396
490
160
822
714
941
569
894
89
865
644
685
623
714
935
627
829
257
424
64
782
225
875
375
187
705
989
748
585
507
671
935
113
239
118
765
331
157
325
637
900
552
780
656
420
291
459
106
648
185
615
750
461
431
870
170
149
500
1001
784
232
214
386
836
372
582
109
782
216
646
318
365
654
240
486
276
380
973
156
723
334
396
912
337
831
999
405
683
701
426
51
852
238
158
996
765
314
676
972
642
454
101
730
597
933
272
930
997
962
546
424
570
742
682
200
136
692
607
767
233
910
961
205
929
102
467
910
885
226
449
97
915
539
195
650
228
235
557
917
152
395
322
507
367
601
751
473
292
131
152
878
438
490
913
684
370
430
723
277
981
488
268
680
688
507
413
877
357
316
823
177
569
367
822
626
291
673
255
343
719
136
214
919
801
112
590
986
323
947
692
885
529
237
147
803
510
95
552
406
611
996
301
378
561
904
731
432
905
609
872
929
596
929
983
186
946
438
1001
128
368
718
658
423
554
901
128
619
227
707
452
905
880
550
968
498
717
431
444
863
754
966
256
627
981
822
927
140
543
340
340
185
627
402
140
439
542
713
979
99
457
56
339
731
685
682
61
57
255
639
166
969
159
554
70
537
623
256
703
577
57
473
668
346
812
841
581
765
506
840
881
899
208
411
904
66
254
736
122
574
290
743
171
735
646
421
822
327
458
392
289
377
413
540
600
145
766
916
544
767
747
561
174
934
605
244
257
687
410
862
411
430
59
696
434
443
711
951
183
528
749
227
730
416
974
568
85
58
519
934
810
110
497
386
579
757
373
477
771
674
589
228
933
139
749
317
196
909
922
333
909
396
453
846
668
475
800
653
693
160
116
779
139
841
686
733
204
964
854
244
186
863
382
580
661
440
801
65
702
862
847
736
443
249
522
345
767
704
684
405
805
337
398
434
270
747
368
313
811
157
385
317
931
527
421
848
348
168
732
872
482
435
509
488
562
954
245
119
460
131
983
468
928
782
131
56
180
745
697
830
508
380
189
207
212
195
783
191
355
534
115
185
617
353
798
702
914
351
221
425
309
623
939
418
862
271
363
904
695
236
366
880
460
200
441
281
781
334
553
593
678
128
301
85
593
423
223
700
746
977
772
895
521
252
835
438
334
685
125
392
763
816
588
140
443
888
289
89
484
418
936
591
444
163
869
309
329
578
308
648
914
840
187
339
374
423
578
919
657
449
599
756
341
151
952
698
899
381
343
967
371
825
890
202
758
631
162
317
626
662
656
716
312
183
779
738
552
387
164
925
557
609
422
517
78
131
852
456
53
500
775
377
380
95
354
835
119
526
443
260
96
664
325
438
525
988
571
250
381
643
659
77
81
261
774
761
950
420
303
697
671
771
161
798
217
145
501
335
691
381
153
739
776
701
280
728
989
356
946
782
54
993
632
763
224
755
93
397
999
56
929
211
349
832
985
621
650
423
314
750
469
823
777
517
463
213
805
649
252
574
539
97
557
690
217
647
73
418
179
983
852
519
873
227
59
578
165
141
318
861
849
886
785
119
129
313
512
523
719
539
147
103
698
609
89
643
898
878
298
76
165
72
811
984
832
516
324
127
606
845
198
203
689
671
189
484
697
883
239
505
281
998
232
891
386
330
679
921
832
536
827
249
603
668
201
60
161
990
490
153
982
918
718
196
874
663
890
457
225
948
834
201
967
459
865
658
565
462
928
836
713
900
451
936
875
976
595
557
502
318
766
450
969
719
964
433
436
338
359
474
641
69
338
276
784
641
547
609
526
526
684
133
876
82
722
580
144
344
77
141
718
100
587
684
80
926
870
633
101
884
584
245
61
489
980
820
241
988
988
704
942
558
643
746
972
345
388
576
756
193
852
126
918
144
173
640
414
861
322
993
237
587
689
386
870
858
227
215
808
404
110
980
169
766
246
110
297
106
79
492
277
448
83
370
348
186
758
214
163
978
421
61
189
799
221
567
833
354
64
90
896
896
780
335
106
897
566
403
669
478
950
973
538
294
183
673
142
340
86
111
965
716
817
110
310
887
674
461
553
110
393
935
483
968
512
795
875
660
238
347
57
631
881
233
716
530
268
134
900
553
778
679
912
204
539
375
895
544
817
828
323
358
922
62
986
475
586
744
598
487
245
954
539
579
369
887
865
763
910
903
766
138
458
67
333
418
583
567
388
357
741
896
830
453
963
316
962
110
642
515
576
96
966
756
188
434
945
432
66
701
699
994
918
393
480
176
198
683
388
816
140
250
243
810
449
310
532
989
772
302
826
871
732
455
703
747
149
935
385
439
239
190
923
399
500
163
73
50
883
699
683
188
77
846
789
810
261
885
207
569
789
740
614
943
429
719
289
371
814
600
381
670
183
912
703
437
199
874
485
759
578
624
365
990
456
854
597
756
368
468
350
591
310
410
181
631
58
334
858
412
424
573
148
457
355
692
895
64
848
847
587
155
458
294
54
60
745
220
803
199
152
512
116
405
955
731
583
369
96
1000
875
290
105
942
432
216
141
487
382
639
110
103
966
57
568
196
588
254
309
881
929
623
511
565
892
489
330
90
792
812
328
605
710
803
958
573
250
170
565
686
694
567
921
159
564
344
582
690
545
125
501
716
595
51
712
929
751
712
224
327
745
293
386
194
353
411
301
264
894
679
807
725
68
804
97
136
397
490
329
793
181
676
604
752
529
687
128
721
374
772
674
359
273
917
853
116
929
861
421
782
435
842
858
869
372
236
562
385
214
77
970
648
330
117
121
615
130
106
425
791
81
123
293
840
751
600
207
856
858
617
795
184
552
506
318
485
287
605
568
57
357
934
492
752
134
675
626
520
854
715
842
743
111
984
208
324
544
203
475
215
773
343
690
960
145
567
987
208
985
580
959
271
95
789
993
146
554
200
938
832
736
314
918
957
413
671
711
702
835
498
340
54
330
120
918
175
695
184
300
530
695
879
642
863
388
850
407
526
784
408
406
817
759
365
81
426
525
497
747
337
494
56
559
746
107
568
251
606
121
366
697
505
289
399
749
161
282
482
901
339
218
799
681
957
83
787
845
426
729
760
534
324
866
73
122
952
679
399
280
170
214
741
89
313
749
83
952
826
240
727
584
655
976
796
477
898
389
744
634
697
465
632
535
118
499
730
503
624
158
206
525
670
111
675
913
185
911
685
143
749
68
437
290
830
724
799
115
517
316
440
350
823
361
994
940
300
721
123
843
892
508
655
750
104
265
139
138
857
339
492
94
204
846
170
382
567
923
771
802
919
753
244
697
198
511
54
413
995
202
549
529
90
971
122
602
650
169
668
96
646
618
678
70
786
811
924
835
272
715
434
793
955
299
936
384
686
234
439
604
85
702
856
150
977
398
275
1000
203
838
748
954
246
743
538
912
101
60
935
804
981
108
118
191
917
607
215
426
929
731
372
216
733
659
647
177
437
898
525
550
421
399
130
56
372
606
682
173
71
258
210
54
605
729
955
633
112
648
729
206
311
896
914
410
870
80
412
757
713
575
905
294
414
343
539
446
339
800
244
956
269
345
80
193
266
708
274
514
70
416
811
409
382
638
702
62
901
541
911
544
188
398
556
247
893
780
990
342
488
119
751
306
832
964
739
754
814
815
775
640
157
975
198
579
701
186
979
108
903
421
492
725
730
398
105
695
778
693
482
322
225
815
784
166
708
779
267
396
588
529
878
514
835
395
741
345
789
166
924
583
747
614
584
851
740
452
238
251
772
924
329
369
499
209
302
792
620
127
370
797
660
785
872
577
799
310
95
168
277
320
647
207
738
432
955
336
374
795
647
770
576
495
556
867
344
610
428
452
384
875
127
145
863
57
949
207
899
198
275
184
972
322
528
749
172
536
722
779
861
73
882
536
895
515
532
878
716
462
989
50
827
481
669
642
865
558
453
767
937
518
998
935
604
192
707
151
160
767
512
509
208
221
812
410
340
656
755
576
650
124
99
322
747
311
405
940
538
282
285
328
464
968
466
448
877
191
63
892
884
914
102
790
516
310
637
465
821
682
689
780
260
219
666
222
195
782
418
654
804
182
148
484
779
217
539
428
542
624
588
384
715
719
888
256
438
408
253
108
659
583
61
821
770
327
429
550
192
695
266
207
550
664
592
996
545
127
316
386
831
814
589
135
583
676
810
390
358
722
439
359
581
201
944
399
807
415
486
586
894
937
371
631
928
647
261
118
534
65
509
884
77
298
994
106
1000
934
495
391
508
189
809
96
282
574
281
827
930
789
979
934
606
857
141
172
130
760
65
947
84
314
462
672
398
452
602
394
370
221
619
959
464
348
566
140
65
660
842
153
414
106
701
632
686
690
912
429
972
375
933
961
279
768
142
115
698
463
108
776
812
938
614
79
755
667
456
316
76
780
113
617
797
60
356
614
782
893
750
977
673
741
196
816
950
476
243
403
148
227
945
671
73
864
432
384
742
287
246
389
799
772
650
296
856
67
511
881
840
648
378
911
935
674
562
151
921
882
775
315
368
398
956
534
128
277
346
369
910
944
900
115
591
377
449
781
598
385
147
931
895
927
67
561
907
523
303
885
71
901
685
113
74
368
413
894
445
794
271
76
343
662
530
828
105
337
830
248
760
281
61
657
928
646
793
111
385
960
392
765
97
543
605
381
222
151
678
669
435
169
382
618
261
112
270
725
715
213
132
658
182
566
829
987
771
523
850
426
551
944
626
972
937
811
908
666
871
161
79
500
99
990
118
542
795
429
254
479
866
267
469
596
78
50
645
359
1000
720
989
220
425
95
921
970
77
65
82
613
258
980
526
952
612
304
820
918
385
614
373
361
816
855
676
883
361
436
738
925
656
822
445
116
502
587
316
515
623
663
995
176
713
125
796
249
928
429
459
298
439
869
241
485
744
92
443
375
429
324
974
149
807
487
532
71
488
391
420
481
109
369
616
573
250
876
427
689
216
537
92
704
330
514
834
813
702
426
479
467
190
337
240
118
704
92
447
691
207
452
633
920
915
762
865
337
528
844
204
898
93
744
960
575
513
778
788
373
572
989
618
265
558
703
418
401
867
850
610
390
590
489
156
114
848
413
645
505
148
914
628
169
639
955
664
503
388
939
296
341
645
826
433
693
543
950
109
353
54
748
806
220
166
838
620
818
758
821
901
404
994
196
563
89
847
830
828
232
679
667
252
627
568
260
637
823
627
557
993
895
955
744
913
570
208
797
168
331
270
906
199
273
298
626
72
112
153
278
601
552
746
455
564
545
862
581
477
244
748
785
261
108
127
949
373
811
667
385
629
655
226
293
617
546
184
809
805
664
282
284
302
288
107
998
331
972
174
447
860
603
361
782
426
929
643
125
136
746
199
367
994
166
933
984
978
445
892
607
136
406
712
54
518
376
320
714
473
989
781
195
111
305
848
723
655
407
565
592
652
885
352
316
159
459
921
575
718
986
76
491
103
245
296
543
564
936
397
124
960
232
459
389
836
511
340
528
225
848
549
889
716
801
374
916
547
968
207
830
617
863
790
349
863
442
659
985
132
733
834
787
757
361
663
189
753
101
982
902
976
306
681
671
983
387
797
137
251
425
465
722
671
781
789
303
133
724
698
167
254
862
204
768
641
799
935
289
217
215
114
626
744
942
669
185
888
455
163
201
949
760
938
230
348
944
607
867
743
306
931
523
241
109
81
836
820
998
91
966
803
355
652
852
684
880
605
620
800
758
689
983
861
822
890
550
110
960
532
410
673
258
277
312
83
461
747
572
539
807
900
422
567
407
602
601
250
251
476
602
141
304
271
967
63
892
856
277
736
460
658
471
504
368
625
133
955
655
944
266
480
477
531
702
111
451
659
63
324
311
247
228
104
737
458
227
903
658
840
221
826
523
990
901
545
600
206
177
219
907
422
576
303
827
831
749
638
659
927
410
599
238
211
652
985
210
450
163
586
547
584
521
743
332
855
986
238
668
620
907
577
368
870
207
794
215
286
625
743
164
556
234
251
475
514
918
486
82
956
138
850
199
986
510
115
333
798
324
844
841
719
486
125
66
499
306
720
746
814
270
655
314
695
310
992
161
534
522
960
609
760
580
135
967
351
87
919
940
446
208
857
176
632
880
442
120
60
320
835
775
326
566
464
366
964
931
293
932
142
847
697
626
869
565
612
379
907
942
714
323
404
650
643
827
102
567
145
735
872
288
151
943
428
737
674
716
568
277
356
629
103
321
116
890
55
806
795
733
293
776
599
833
164
716
958
996
517
75
495
773
487
177
877
568
660
823
798
432
233
80
683
539
380
842
551
731
658
497
215
449
295
66
78
884
620
923
380
542
532
251
536
318
413
508
941
973
647
697
300
1001
904
501
955
861
852
611
842
740
200
353
619
65
126
501
855
498
374
873
583
793
829
135
319
83
366
926
874
512
885
941
174
485
836
714
800
853
853
647
435
170
375
253
566
982
570
338
450
64
902
711
585
134
387
583
878
792
861
400
897
958
494
849
484
712
155
817
390
612
518
702
751
826
274
267
273
784
498
104
752
165
159
600
218
141
753
121
84
907
91
594
323
124
385
235
949
262
258
182
497
626
61
851
906
414
220
496
859
471
199
721
641
716
147
857
264
423
392
326
583
609
161
633
199
411
765
481
1000
83
315
550
91
482
941
558
437
52
941
512
594
666
656
807
740
988
644
311
831
563
400
90
637
763
161
671
677
712
464
374
426
743
627
713
822
586
495
663
568
202
283
654
370
460
821
905
73
640
433
909
749
198
904
607
452
269
269
626
142
731
437
984
185
65
547
254
686
449
819
937
406
473
232
807
998
284
986
201
53
305
273
996
374
557
224
229
599
677
560
384
209
816
897
535
218
212
382
512
875
373
356
137
947
488
487
425
307
959
331
715
202
299
621
392
556
447
906
61
592
252
750
813
661
635
182
561
970
835
829
703
159
196
904
599
882
220
989
897
661
473
87
850
602
334
801
735
853
177
485
212
161
727
259
294
84
265
501
161
84
690
907
645
156
873
326
980
154
505
612
177
923
287
737
723
769
352
202
898
818
126
539
506
764
145
851
217
479
676
101
672
272
775
830
560
988
768
442
871
584
66
785
487
162
842
448
226
573
337
486
618
448
122
760
800
822
373
591
645
240
872
114
980
308
681
455
740
427
634
300
747
989
149
348
791
934
844
188
533
683
249
819
209
432
534
674
991
98
732
965
160
283
938
920
678
460
575
820
108
251
773
293
423
712
713
733
437
622
811
688
701
179
734
474
974
128
508
796
677
831
731
627
863
790
152
99
241
607
803
682
747
215
925
344
65
901
454
525
748
658
303
468
698
971
713
106
527
932
943
76
945
207
628
277
947
142
635
966
173
462
936
948
679
185
155
476
733
564
109
545
453
108
168
480
248
601
429
836
859
139
204
202
843
718
265
200
398
604
141
980
381
736
66
200
489
426
781
159
126
389
382
167
325
341
692
592
846
926
933
463
928
514
104
218
560
231
133
894
803
874
672
557
113
264
755
342
653
996
556
184
424
80
112
268
266
343
714
115
766
911
851
645
650
580
837
106
928
195
149
907
379
247
224
196
287
932
887
925
413
60
871
505
321
114
542
806
342
83
462
933
133
216
782
128
218
144
188
511
805
605
987
431
231
122
224
489
455
244
786
962
492
82
467
765
618
689
724
921
464
911
572
271
961
882
762
394
860
945
669
706
604
474
729
676
80
957
644
142
512
707
839
665
927
145
237
695
187
318
335
791
972
260
71
544
227
144
249
159
92
353
523
652
604
822
63
690
917
263
649
855
973
454
546
864
302
850
517
595
114
419
730
311
190
960
545
951
171
222
670
657
121
133
437
78
896
265
950
186
537
90
980
746
206
818
847
922
524
331
645
302
944
567
739
348
818
752
176
748
806
743
657
972
638
534
859
266
326
149
280
552
799
439
220
82
62
209
803
973
114
131
682
443
341
261
316
908
410
855
725
295
310
615
812
69
670
615
213
531
818
543
800
833
961
537
579
687
446
348
954
414
658
597
297
484
848
513
898
135
275
461
556
551
306
618
87
484
322
293
101
252
366
231
798
152
747
353
640
616
474
505
459
941
810
403
538
782
970
791
883
66
382
1000
923
340
658
133
862
431
969
638
852
685
799
711
100
385
671
150
238
846
136
966
230
111
837
461
158
338
951
605
766
63
530
906
275
463
636
775
494
782
683
185
174
511
933
141
585
688
835
596
75
1001
968
886
595
552
124
989
269
649
286
890
428
998
468
650
962
726
772
905
979
985
614
380
989
480
265
281
680
567
724
168
368
605
581
332
249
842
943
111
303
716
849
264
82
209
447
255
422
965
889
589
753
117
694
297
926
671
280
770
510
644
476
396
904
382
656
951
400
640
175
762
66
269
969
521
732
789
281
643
513
393
139
164
877
734
179
938
213
988
707
124
696
285
985
532
109
398
226
847
965
353
192
834
821
204
562
368
496
944
316
317
748
368
777
545
718
467
401
646
620
796
391
633
83
867
273
794
210
323
446
496
106
516
454
144
106
490
550
534
953
580
111
397
668
401
372
687
964
769
906
648
101
882
643
918
645
848
482
198
427
235
814
474
564
339
216
580
829
524
617
169
823
399
147
463
543
406
309
761
398
414
381
864
762
646
478
997
439
959
786
203
929
294
79
57
827
553
509
136
968
244
249
765
140
204
577
211
483
376
250
967
506
360
720
124
570
159
504
997
390
113
165
461
955
600
582
61
449
288
745
203
902
139
511
974
902
85
883
575
961
489
370
135
895
358
375
876
681
110
149
505
485
825
825
289
398
307
869
334
131
308
289
629
642
864
486
99
82
778
630
969
432
941
618
714
300
148
69
117
988
732
155
146
766
638
190
816
833
631
309
601
50
769
528
780
726
80
540
589
642
495
624
469
538
920
141
339
172
579
265
937
460
639
717
904
90
516
621
786
108
360
145
871
506
729
681
769
930
138
525
732
476
162
787
610
325
798
646
855
370
68
658
613
379
386
956
209
124
133
218
182
118
869
237
633
289
238
643
196
861
325
394
476
784
876
940
760
372
510
323
218
52
196
300
76
752
783
355
648
292
318
735
880
91
575
636
623
337
573
147
459
773
897
881
711
451
484
851
786
269
878
863
462
703
514
938
458
74
211
100
272
162
92
601
151
690
765
195
771
842
360
471
988
190
982
667
914
644
334
288
279
513
159
813
209
309
347
621
798
437
383
924
206
224
678
383
567
571
546
835
532
645
882
101
339
977
798
180
749
523
578
833
674
464
64
164
476
112
200
726
678
318
796
916
184
850
154
372
877
51
810
281
496
218
819
209
140
734
892
570
765
531
749
301
94
327
373
753
907
597
924
303
523
374
437
701
595
139
542
130
509
572
903
364
761
400
814
367
603
798
117
714
688
137
304
403
105
980
326
132
895
288
238
476
704
574
896
135
763
377
779
797
592
76
270
687
87
327
929
436
536
749
452
422
452
499
842
749
764
94
780
198
125
566
914
637
217
889
199
86
354
556
989
740
967
989
670
922
132
897
727
713
397
93
767
990
207
411
512
223
782
651
102
955
958
775
338
966
825
545
816
740
873
396
563
966
923
363
229
99
722
550
68
841
935
666
277
421
693
128
554
406
914
504
692
112
114
958
606
614
205
449
206
857
518
297
182
620
324
706
493
969
973
479
156
810
503
720
237
741
51
154
862
459
811
313
166
413
751
747
567
222
253
800
696
448
384
155
408
386
190
620
623
977
468
264
807
263
396
264
468
534
994
503
493
290
115
59
757
940
113
423
630
479
329
523
473
566
1000
164
439
856
826
534
842
408
127
629
262
116
822
370
362
846
155
928
817
707
749
173
612
892
382
306
321
157
269
573
637
732
138
647
462
448
158
416
411
429
622
382
601
589
905
887
882
404
897
229
91
594
801
894
417
824
404
197
886
592
757
228
50
110
144
685
973
489
200
54
726
292
936
217
279
560
775
291
273
172
792
857
257
598
567
102
348
885
416
198
155
855
618
82
655
916
204
581
180
243
747
283
205
467
490
565
954
171
220
672
329
688
316
265
209
432
92
756
438
208
602
935
459
831
445
221
783
555
111
656
811
752
79
245
153
632
713
627
898
546
56
364
867
747
488
895
884
754
948
642
277
464
395
979
738
328
523
694
790
209
95
784
863
814
957
375
912
114
680
181
327
89
289
979
184
893
133
464
744
511
867
398
444
522
778
918
677
580
455
466
826
515
779
940
657
797
578
922
371
836
364
154
499
814
982
720
875
593
143
182
636
125
470
331
979
552
829
997
522
738
416
516
647
875
375
353
629
615
680
163
202
671
892
476
514
368
119
142
991
938
484
359
987
596
533
221
998
122
867
208
781
413
454
206
639
596
130
756
277
970
638
115
459
923
323
171
605
488
796
445
745
264
271
914
881
728
597
170
818
243
508
563
539
564
962
523
693
55
579
662
868
314
249
712
992
578
236
166
635
281
582
646
267
88
133
969
349
425
156
297
807
110
399
740
954
636
312
404
252
820
433
570
610
251
236
763
315
285
718
666
446
516
641
191
379
262
637
305
649
575
323
89
709
535
960
420
302
541
133
704
777
230
809
769
765
879
487
100
185
931
514
112
101
278
503
411
887
492
214
150
606
128
851
478
625
404
518
688
882
642
984
716
778
972
58
372
310
636
482
728
143
565
893
442
519
262
76
894
944
404
431
835
367
856
633
291
852
857
948
428
662
845
1001
74
258
862
864
523
844
442
922
793
264
635
605
829
902
194
849
63
274
75
742
998
883
149
390
987
89
534
523
874
680
410
506
496
190
486
84
142
91
608
746
757
367
244
789
68
467
785
316
564
523
966
357
225
737
532
426
529
69
679
184
839
98
641
907
137
491
578
61
788
58
287
586
639
515
640
70
891
124
198
450
704
500
129
277
163
923
771
913
428
767
180
234
586
747
576
101
802
774
296
887
514
763
759
843
542
146
520
378
532
447
382
877
911
398
379
199
50
185
253
361
601
540
552
610
542
944
57
381
699
608
458
137
446
505
260
51
67
876
795
409
721
752
267
949
464
243
460
548
951
664
164
673
920
669
