6784
4869 9039
4087 7167
3015 7507
4847 4129
6192 9804
9752 2084
3327 7956
3165 1725
7974 9403
1091 3655
2029 7178
8806 2049
7612 4438
6325 1426
7325 583
2752 440
896 5541
388 7047
3857 7088
9782 8435
5396 2104
9482 2757
7351 5170
1522 3168
2385 5366
2695 2275
2353 2083
3148 154
3118 2214
3852 1755
260 5708
5493 2059
7019 5974
7326 8285
5156 9933
8125 1703
1753 178
4299 8528
5937 1312
2191 7267
1132 431
3395 7799
7484 955
554 8113
5561 3871
3292 5215
3384 6051
3999 2383
7185 7232
1226 3737
665 9456
104 9324
6827 7411
4678 7926
1924 2021
6093 9950
5462 3990
2833 1924
2864 2761
1962 7528
7638 1054
8459 1589
3978 7080
9409 1958
6738 8642
3580 7215
1466 4683
3956 7132
5804 3608
5153 6570
6790 2804
1624 3286
609 3511
143 1592
3207 3914
4830 60
6083 2592
1687 1085
8851 2669
6796 508
9600 4159
2349 2687
4788 6664
6807 6746
4832 5632
4233 983
2441 9353
3560 332
6238 3483
9511 6641
8033 6524
8498 4235
9987 2856
1591 8425
6151 9465
5912 6642
5938 7624
9291 9499
5627 1116
390 8907
7307 9186
582 9758
7917 6796
6939 2004
6419 7077
4691 4945
7984 6651
6531 3423
8073 4422
4096 784
7365 5067
9345 3000
9147 1247
3007 2346
7530 4296
6022 2865
2298 2534
148 9505
4585 2255
203 9638
5715 9463
3084 8208
2334 4485
3118 8159
1118 7449
2325 8839
394 8043
7600 1762
8264 596
2641 1550
9822 3789
9826 8020
8629 7995
7953 8920
4535 2973
8940 1057
1428 4426
7700 3666
4364 2073
2842 7247
3971 613
670 4601
8322 1069
523 2229
8223 4177
6762 8466
4354 5181
8176 2763
7436 1131
5291 2977
6232 5571
8816 4289
146 2105
5523 5594
7489 8071
1819 2025
5649 392
3512 1286
3374 5062
750 1342
8265 9358
6147 8342
3859 788
552 3239
1228 6173
1208 7074
501 1015
1824 4350
3837 3965
7456 6285
9743 818
8922 2909
3346 1276
1695 995
8280 5031
7201 784
9617 2943
9171 9718
2162 1322
8133 1446
2443 5808
9530 7412
2329 2418
7418 4671
4554 5638
9301 632
1924 1673
4943 2630
4720 9543
6670 7641
4382 7684
641 7046
1460 668
3414 1488
3026 4516
7249 1289
8252 5867
1694 3522
9683 4637
3130 7082
1139 8769
5917 6895
9371 4366
4659 2287
7128 7057
1013 9181
8564 5189
5133 6443
5504 2766
8452 4870
7155 4565
5266 4273
1777 2347
3197 7044
2503 9016
4904 4656
545 7517
8476 9815
4153 8903
765 998
6366 7341
9355 8174
38 1134
6678 4932
7509 4396
6126 8442
6868 584
4425 1341
5607 1027
8427 1759
764 9520
5071 1010
6417 6192
8527 8734
1468 4216
3196 9153
9203 8400
3807 853
5878 3009
4678 9784
7232 6191
2320 7893
5159 7604
2720 7524
6849 468
4898 9423
242 1804
9064 784
9780 6184
8922 5834
5261 8352
7796 3810
895 5453
1422 6107
3719 1716
2197 8806
7302 4722
9647 9205
624 987
6831 7888
7347 9660
1202 1717
262 8646
4558 5432
5040 5396
2208 40
6904 8627
9245 9551
7691 6695
5638 4992
3359 7393
1783 2920
6113 5930
7409 3830
8169 6030
369 2778
8710 2055
2913 5354
7396 9546
8170 7022
1591 4824
8854 9496
1699 326
814 920
4804 6585
1301 5413
5926 9557
8366 1991
709 9610
9490 1687
612 879
8866 6306
4923 9904
4300 7938
9296 5572
9825 4750
6272 8615
4247 293
262 4955
9402 6249
8575 9183
7381 6687
5993 4036
4810 9139
2748 483
765 620
5825 6337
3147 233
8440 8510
2809 4095
2990 6658
9267 2212
3580 309
9507 9844
7844 3598
5625 5930
2870 8862
2691 4396
6591 7172
6073 2439
7555 1774
6082 2775
4131 6309
9175 7984
3730 4293
1837 9241
5138 9716
5323 9094
4564 4471
9340 3553
8222 2873
9807 4227
8230 5183
1185 9536
3704 5439
1426 3005
1828 2370
9923 6276
629 5331
946 2581
4417 8719
2433 7355
6309 4983
2026 2200
6578 2355
9497 8067
2925 1301
1033 7624
3976 1937
4633 260
8870 4305
392 2302
1982 8772
4821 7807
5106 2336
4466 6675
3491 836
8732 4150
5498 7826
5448 9684
4426 4793
5377 5067
944 3098
7511 1509
1122 1731
9927 8144
5300 2807
9602 4615
3383 6547
7756 8177
6233 5964
892 3664
1550 4296
3828 5824
2558 716
6345 6099
5485 6506
1955 8407
735 9689
2698 8619
7546 3010
7368 6832
3249 5716
6232 9708
9502 3377
402 7700
845 2591
2629 778
63 6706
9912 6514
6161 9298
222 4857
2350 9047
1323 88
7648 3968
2779 6292
2797 4126
9566 1400
9856 6469
6349 1770
2964 9141
2458 7194
8005 9631
7624 6969
6271 1740
3516 979
7938 2701
4567 2539
6550 9924
1964 1445
4938 5893
3867 2772
8065 3692
6038 9706
4221 4717
6937 6558
5998 3432
1008 5004
8539 7746
3138 8909
6890 119
9619 1999
3668 9964
3620 2818
3893 9313
6062 140
2913 8316
231 3854
5326 3877
422 3249
2508 3629
7164 417
1169 1758
2470 3641
928 7149
4698 4079
5115 9625
3805 577
5515 8952
2273 3305
1156 61
9352 1506
3204 295
949 1754
306 8839
4860 9745
2175 7615
7754 7316
8120 3365
2327 7689
6111 5563
3963 6227
9454 6905
9744 364
741 5155
9902 1243
8307 9934
6046 7388
4719 7800
9981 6547
1443 1262
405 4414
1562 750
2693 5074
5420 5437
1616 1890
7233 7773
708 6749
2305 5716
3140 5736
9634 3497
4146 9007
3004 3151
1931 2054
52 5090
3031 4274
2874 3077
4566 989
3162 8874
5167 4472
3790 9475
2617 7125
9071 9501
1192 2008
2659 3755
5837 4190
7633 6901
1405 2418
2218 6662
9449 86
1034 3843
8268 185
1504 9011
3647 3033
3688 9192
8518 1044
7886 2260
5140 2420
6767 2986
9000 1436
5834 9007
7169 8210
296 8627
3647 1959
3581 5324
925 6049
6631 5652
8080 7686
5675 8885
5775 1295
7252 3983
9681 5414
8432 4923
2807 3723
9878 6775
3713 8303
8117 4826
7788 7410
6048 6883
9710 6246
5454 1930
8027 4461
9729 9031
6240 2605
3932 1648
7020 971
7114 1377
6833 1182
9387 9876
4175 305
2525 3104
61 5350
7968 2846
7313 3292
5782 7331
5823 8606
2003 2022
5550 7496
7890 390
1635 4270
9252 1681
2632 2470
8118 469
7394 8065
947 2997
1659 2815
1513 3620
151 5428
5564 4987
8300 2705
178 4757
555 5857
4178 7033
2179 3678
1627 441
8576 4128
5062 9593
5163 4468
6614 9896
8172 3431
2544 2940
5600 706
4286 1611
6763 4503
3331 2665
8404 6874
8882 2564
4035 460
5198 8236
8124 617
1105 5380
4583 4853
7545 8338
4708 5759
7885 5002
533 591
5341 1726
4876 3744
4418 9864
1634 4777
1475 9127
915 4011
2349 9497
1174 7465
3435 1331
3848 8935
3879 3344
5047 531
1146 3919
2868 982
1230 9221
6295 148
6588 8442
8873 2173
266 1863
1941 7373
6015 7572
3367 4911
4289 3692
4721 6259
2835 8553
7808 3322
812 2769
2220 3218
557 4959
7142 29
4343 9505
6432 9875
7333 958
3839 829
5942 5245
3107 9282
7364 1092
9702 196
7144 7777
1947 9632
6035 2407
4368 9007
348 8413
1797 8709
7353 4127
6594 5292
3687 2936
6537 3543
1591 2332
9779 1709
493 4099
2959 8978
1141 7949
9470 5377
6237 2795
3413 7865
3187 878
679 2226
8491 7395
9855 8992
7875 6751
6764 632
2099 1483
3260 9677
1803 6301
7215 9383
226 7457
2832 7393
1901 594
1675 3661
1398 4872
7582 5224
2682 1943
3798 4205
5791 1912
7618 758
939 8778
1202 7666
8650 2090
4640 6363
3770 8104
557 2096
6221 685
2060 3145
7708 3205
8830 5532
3230 2543
3861 9174
2244 7619
2333 8605
4681 6822
6499 9719
1141 8073
7127 295
7483 3371
962 5149
2702 9171
8602 3947
1185 8549
9350 6535
4776 2607
2625 7311
8861 7531
7984 1752
7331 4317
4914 9520
4040 2514
5635 3201
4265 1012
7786 9538
7256 6672
3136 8826
3977 6407
6907 4387
5456 9285
1611 1293
2863 2650
8160 3134
8767 7193
8217 2068
6340 6670
4700 7725
9822 1557
6209 5186
8541 7737
7189 1800
134 8751
6641 8784
1030 5857
8557 6179
3010 7368
5678 280
7841 7415
52 3133
8991 4133
4264 9535
500 3008
9264 7571
84 2354
4770 7659
5404 8526
2619 3119
9284 9590
1022 8978
3002 7747
8162 8546
8270 3169
5354 4886
1553 7883
688 6551
2160 4360
4275 7996
504 8469
3185 4257
5299 5002
973 3838
300 972
3420 7314
5598 2123
3137 9521
1482 4811
6337 394
8183 4271
365 3344
2060 6748
9952 6086
4333 7516
1163 3447
4530 7449
6583 4494
1094 9360
9010 8152
2778 6076
7520 6076
7290 489
4768 7661
6645 709
9467 1841
793 5412
2405 3832
3051 9382
1654 423
8273 7114
7016 4924
9832 3796
526 1646
4636 8255
227 157
4413 4519
4004 8514
3545 5619
8890 723
9650 2674
6146 9748
6082 6097
1483 6200
190 6447
513 9000
6968 3032
2966 248
9476 3366
360 6287
7419 3386
7794 7140
6230 5732
1818 7185
9876 2741
9535 8708
4483 3435
5931 7952
8807 9181
1325 6156
1172 5893
4469 8133
6416 4004
8698 7787
7881 956
9545 4467
7514 7185
9274 8313
1090 8696
2557 7304
1327 7709
3542 4028
9053 9612
4527 2154
9789 3807
1649 9503
6424 1341
2136 700
2424 7998
4004 4397
2070 1661
3350 5383
4704 3170
6110 4902
3271 9524
7994 7241
7134 9875
5032 9709
5578 7173
123 2734
7533 3663
4639 3426
1704 6731
1177 9363
8164 8977
7415 6865
5464 9351
5817 5336
67 6131
5399 9131
6766 7295
4693 5917
5065 7206
947 81
3566 2822
9413 1133
6709 3395
9339 3868
7255 747
8823 2410
8799 6639
7622 4136
5824 5741
1265 175
9939 3719
1860 9594
239 5695
7803 5822
5058 3071
6375 7709
8467 3458
455 3129
9191 4275
8997 8430
5426 2573
8149 1268
4197 8836
9066 2299
226 6302
4922 593
26 7664
8268 7089
5818 5250
9235 1184
2630 4420
6713 3201
4757 9389
2270 6977
2584 2395
2732 6414
6349 7681
4933 5641
6830 3265
2672 6658
4187 946
4979 5064
4770 3612
2370 8332
2448 5905
5716 6393
6717 6832
1930 7382
1453 5329
1159 8592
148 2051
9124 1939
9448 6447
8048 2552
5989 6322
6918 3102
9365 3367
8607 6830
1361 358
2101 215
1713 8851
463 2500
3486 4034
9037 1688
6245 8184
2526 1072
7093 3407
3238 5569
3456 8450
7944 9142
9776 4538
954 2456
330 2850
3130 8535
238 1496
1764 9967
4094 7842
2857 3869
8458 1561
2892 1454
5483 2772
7468 4190
9695 4244
4764 4321
5124 684
4678 6571
7649 2761
129 6906
7551 8980
8681 173
9923 3875
5333 9453
4865 5176
5953 2097
7371 5962
1188 402
332 2393
9733 3216
6258 8482
300 1222
6951 5788
4064 735
2363 9042
3697 7284
6703 9168
8921 3821
9230 8237
4351 1369
6882 6639
4762 7815
7153 9205
9500 1203
467 8913
9206 3211
3303 6804
37 764
1569 8101
3320 1042
3305 3916
6470 7935
6811 5441
6558 7376
5891 9456
750 779
9070 4603
4429 6609
6741 3663
4885 3902
9548 3791
7872 3043
6860 1314
2076 7945
2535 6439
19 209
4562 6118
7876 7159
8331 7863
2639 6138
3062 5115
3438 2842
4472 142
2448 9083
1396 6820
3529 4967
8646 2114
4552 8651
3529 8055
769 695
4665 3235
2414 4664
7997 1121
9694 4508
6053 3616
4743 3006
1373 4634
8812 7751
8442 5935
9327 7959
4534 6302
7955 4090
5595 1783
6151 2527
697 6270
6886 6971
963 8168
3902 7168
6264 7665
2503 1007
4472 7886
2791 4363
3188 4474
5199 5773
6032 4697
7077 5176
8618 2134
116 7140
7316 4318
5162 446
1897 8911
803 5832
750 1203
1022 976
7656 8042
1719 370
4729 7264
2016 6961
540 6522
520 6351
4230 71
9918 9208
2116 2458
6423 130
6633 8190
2822 6048
4823 8880
5540 6820
4105 3611
7846 9321
8829 7594
1182 6898
9922 7743
7452 4488
6799 3450
9263 5778
4774 8130
7436 3729
9121 9249
652 6184
529 9128
2736 6933
4902 8093
858 5507
7491 3494
5705 7635
3763 7269
7677 9868
4517 8855
4627 9496
4568 6200
7845 4621
3971 5193
6488 3300
920 2880
3356 6074
8909 8149
3478 5254
3363 6579
3385 780
4464 7658
1470 3138
851 3899
5445 4245
5933 2926
235 6432
4849 3646
7799 9088
78 7376
5727 8151
4287 7558
7310 2561
3153 1243
4290 7154
7341 1662
1171 9360
7408 7049
3709 5829
8191 2724
8686 6214
1188 2626
6295 6747
1474 3325
4516 5849
5175 6669
7911 3003
6393 7592
8276 8743
3303 6499
7962 9967
5937 1385
5432 1610
5912 5517
434 9177
4840 9494
4810 3019
9668 5753
7908 5810
5732 2934
9694 9439
1140 3590
5641 8450
4699 3385
1880 6826
5159 7703
3356 2953
1865 7632
6780 2283
9965 8338
5198 3065
734 4936
7800 603
6648 4632
1837 67
1019 1599
2334 9564
3066 8846
1305 686
9659 2858
6744 3628
4498 7894
4 5092
6424 7899
4687 8590
6554 9851
6249 9821
3232 8479
6886 3658
4348 9504
9572 3886
2962 6459
3372 5384
3337 2654
6411 7299
1735 621
8158 447
4002 902
9121 3432
5204 4869
3433 6182
9576 3961
3044 3436
1538 2631
9528 1502
2120 4959
2499 7294
8814 4259
3364 8201
8336 4310
5707 1939
683 9641
9797 309
3735 7119
8538 1063
9457 1722
1335 4776
1425 4420
6351 4536
2400 6823
7567 498
4775 6115
771 2815
9531 4399
7537 7253
1975 3961
3015 3880
5361 1072
2090 924
3034 4846
9107 6441
7583 6610
8635 6424
4111 2157
2380 382
4769 8891
5088 3497
7658 1073
1149 1280
1833 2148
1557 9710
8656 67
1629 7711
1946 1728
4273 6889
8706 1624
5033 3369
1951 3657
6190 4877
7713 5620
3233 7836
4627 1707
9954 1194
1681 4374
7545 9050
9055 7819
9734 7053
1266 9525
8112 8386
9121 278
3461 8657
2145 9850
9067 3644
1417 207
7182 4423
1994 3546
8039 627
2990 544
5537 2177
5716 6398
5139 4493
8074 8899
7414 1032
3556 8315
9884 9672
4087 4716
297 3840
7666 915
918 4762
8781 2345
7045 8993
7377 4106
7522 555
9891 1213
2769 6445
3998 1922
5735 7765
7062 4215
7009 6636
3953 5379
4440 5459
8030 5462
1831 9750
7990 6403
8128 9562
9875 7406
8905 4587
9906 5078
2371 6763
9125 4911
2899 140
4556 3792
2300 4787
3309 860
4698 8890
6640 2073
7366 7560
5527 4829
3345 1712
7191 6055
9821 424
6580 697
4537 8910
10 9246
599 4260
8493 9381
6119 8109
3511 627
155 2193
1406 7153
87 891
2384 7103
2188 4980
906 1647
6985 5612
6408 9482
7877 8457
6092 8053
3136 5558
5521 3077
45 648
9358 2816
2607 5411
9355 794
2775 5488
4356 4502
2384 457
2599 3315
9501 2712
3659 4276
2947 6459
2060 7546
5079 7999
5600 8145
726 8177
3680 7015
226 7473
3112 1393
8719 8907
8459 5285
9349 3720
1413 891
3891 7726
4497 3441
797 1477
487 5476
3601 7658
3599 3619
110 650
7072 2915
1199 6648
5370 2936
6151 1429
9903 4413
1482 5807
6019 2510
5253 2447
5319 3178
4799 910
120 860
4036 9354
7019 447
7991 3603
7478 914
4269 7057
7914 1922
4462 5516
6025 7881
5459 747
676 4369
6393 3841
9883 506
3573 7255
1821 9338
9361 5477
9541 1484
6830 8608
8115 8
4193 5560
8689 6518
677 8377
237 3196
2901 4889
1199 4737
9267 3645
9958 5108
4472 5690
2934 2751
8391 7994
1567 4067
526 2773
1435 3879
493 7213
844 5121
2652 7684
4932 2671
9336 63
501 7521
7258 5000
2077 371
9950 9973
9761 2941
6234 5363
2462 6324
2694 8923
7791 3208
9144 7182
9744 7524
1212 603
4326 680
9533 795
3372 5784
3753 3084
9694 131
8644 2895
857 7137
802 898
1707 3222
8588 9284
7813 7798
3492 1631
3233 7410
8079 4928
5649 7270
817 671
9825 9727
386 9523
8336 115
1900 1733
5958 8841
773 590
3253 4344
6608 6202
4650 2618
1910 7896
5968 5199
3986 6890
3770 6533
7465 2916
9285 8758
8266 1822
8812 7787
1094 4614
2218 5333
1461 8361
2748 7825
2363 1056
2195 6495
4464 7091
3260 2697
3099 1853
8022 3069
7641 7214
9694 8441
9251 1990
1628 1336
5611 3189
7110 879
9431 5568
8752 5193
3685 2790
6149 9904
5043 343
9753 3184
3375 2824
5358 6724
3059 4101
7223 8296
50 7994
7347 8575
1168 3920
905 6814
3876 8187
4803 510
3178 2509
8785 1526
4595 7452
3785 9283
8477 5413
3138 9260
3284 5257
5881 1271
2819 455
7740 5018
691 7327
661 8616
2928 5313
6365 4543
2470 662
2456 9744
5230 5860
4929 892
1423 6978
6257 8748
203 7018
7830 8525
4715 2497
1130 420
838 3328
4686 7933
419 4482
2689 9744
516 5698
5105 2585
5860 2849
7160 7758
3972 70
9383 8405
1596 6319
419 5778
2513 4718
3587 5651
6028 5976
5646 6268
3383 3647
2834 369
7903 3798
3575 4548
4805 9509
2269 3554
8567 7865
3941 2644
3570 733
6494 8311
4376 3450
4612 9419
4043 2411
6519 8268
9034 6414
2095 7908
7883 293
8171 3314
1293 940
3728 3853
3143 3141
6761 601
2016 1862
2706 7116
7137 2760
8374 1082
5483 1532
266 4822
6116 4002
9338 9435
905 8306
7958 8715
8089 3419
5921 5163
6479 8975
4128 2014
4172 8414
9998 8477
5799 3260
2603 1189
478 907
652 2858
6168 9941
4198 8456
5145 2564
2072 3609
484 6654
2246 1970
9041 448
400 8728
6906 7318
8816 55
7193 6418
997 3049
727 4717
2332 4230
655 2654
9011 9850
4653 6610
735 3527
9326 2545
8271 9449
9044 3123
9206 7334
4189 1005
5369 8429
607 7294
9594 6253
779 9073
4670 4271
1439 7564
5972 8587
7013 8600
7256 5361
2461 6878
8353 282
3186 9971
3252 4868
4825 7482
5584 9340
9522 5640
9493 3288
5059 2462
3789 7195
9011 968
207 2532
2690 8510
347 8084
2597 1713
8504 5535
8102 2507
3441 678
7835 6340
1985 1594
7708 8740
4762 8004
5354 4578
7719 7181
7019 5489
3929 7986
6255 720
476 7676
323 769
6160 2573
2085 8668
9692 8718
1579 3183
5229 1551
3071 7513
4326 9301
1900 5936
5035 6466
2711 94
8896 6089
6005 3901
3074 7307
9520 4361
4541 9780
4113 5767
2522 5553
7901 1752
7995 3012
693 341
9438 1621
2642 4310
4187 2652
9124 2709
3666 9143
3409 131
7923 7919
156 4768
2369 4619
8317 6877
2200 7177
9555 1831
8063 17
1422 2836
4948 9295
7089 9625
6969 7002
2409 1208
5577 1682
3573 232
2809 7647
8102 505
238 3997
2950 7707
9625 788
5284 199
3325 2791
4265 6708
348 3622
7023 9916
1200 3609
3004 4640
3449 4465
4943 7423
6875 6370
6913 6571
2962 4864
9406 9712
1218 9313
1963 739
6473 7350
8680 7131
8539 8720
9531 4943
9209 3095
2925 9431
2971 9626
270 1291
7296 1733
2617 3957
8821 6899
23 6432
357 4510
4244 8320
1008 8547
1603 204
7351 8704
9715 6684
6061 7478
2920 3406
4985 5395
3724 806
8304 2981
2952 4109
40 5222
3057 8333
2969 2252
8045 9982
960 4956
9676 667
5581 4451
3417 7780
1398 6321
6750 1128
7095 4143
9740 7218
1215 437
5709 2769
7338 1913
5867 7695
6221 9824
6980 300
7335 5481
2371 9222
1824 8711
9979 322
9695 5451
4424 1037
8999 3165
8200 6347
5982 3480
964 3695
8223 1144
602 4387
1226 6910
2342 5611
1962 5717
4650 2254
1619 8350
3210 4406
3088 6414
7223 1993
665 9317
4971 3319
209 5423
3371 5112
4139 7538
570 6538
7607 3108
9379 1969
6648 6958
9704 9309
2663 662
6956 1073
5825 2831
6979 8615
6647 1435
4570 4075
4709 9373
820 5504
6225 2776
8910 4847
4439 7221
6452 3554
2410 9165
3185 7941
9824 8954
9320 2034
1641 7269
7006 8617
2104 9245
2854 9520
4089 8329
2802 6822
3923 9850
1942 4398
341 811
9992 8743
8431 1148
9426 3214
487 7705
6777 7626
5969 1812
4922 99
9860 6705
4027 1072
9483 9168
7921 796
4127 2304
1263 7020
9998 7377
7966 9446
6643 6888
6817 5447
7443 9641
5483 6422
7744 9752
7374 7823
5101 7845
360 3610
2038 9834
2931 4034
9600 1959
1686 5361
1599 8220
5491 4887
4767 6154
2819 313
4801 9128
4695 128
7786 480
422 3327
1758 1940
8788 9273
9377 3676
3612 9395
6017 4311
4052 8060
4430 1433
9509 9835
4274 8357
4789 9028
7120 2415
4736 4551
3119 8705
4647 70
7616 8807
8145 9371
4868 6146
1640 5020
5427 6058
6069 3184
3751 9223
3503 8526
2933 29
5750 994
7296 4871
9765 3496
9998 5871
7268 1738
1712 9106
2252 99
3149 5043
5653 7377
4607 7423
5719 1419
4675 9023
8345 3099
4360 8752
8706 6749
3698 3503
8285 516
9117 1147
3472 9446
3150 1862
4181 4328
238 3061
1910 3781
5900 2868
8655 8814
5971 2939
8055 3161
7657 148
8482 3173
8698 972
6202 574
4904 8484
5754 3140
5960 4038
8303 439
7196 2720
8312 4989
696 1128
7854 3912
4578 9642
742 8011
2528 7768
512 3419
9117 8893
2844 5634
960 375
115 3450
4403 6891
6792 8283
2071 5347
9522 8552
2844 8099
9630 1701
4378 4943
9336 4216
2286 2771
5412 9610
1829 4430
4673 6856
1086 6179
7072 507
178 9906
693 1226
4379 1635
4976 7031
4607 471
6242 9859
5148 9569
6749 7336
5160 895
5270 4956
9949 2842
4977 88
1135 740
7978 4013
5803 1180
4136 4867
3504 4544
5043 8692
6855 2193
5772 2013
6359 2433
8306 1764
1165 3488
1067 6221
4609 618
830 727
8339 7266
5895 7658
9965 3877
3427 3047
8185 7751
3661 2695
3445 219
4221 2553
1411 5450
1937 331
246 1544
3451 5758
7643 6135
654 78
6808 5479
7128 206
1484 918
79 8553
6718 7216
491 9044
3477 2561
5734 5007
4053 7809
2046 5443
6575 7060
7693 5193
8755 3201
1359 7408
531 6018
2051 1523
9833 6389
1020 6612
6950 6674
3708 7931
4284 8577
7130 5089
4004 2794
7943 4392
6963 7995
6415 4331
8446 9244
5042 2850
6423 1342
5424 8262
9421 7297
7550 3107
6120 6184
8963 7248
8535 6282
199 7582
9646 4434
3760 2103
7488 9368
853 1727
6268 9797
8287 6387
1331 8268
8333 7596
1190 4627
3399 3299
2871 5680
7832 9525
2545 8236
2960 4945
7829 1173
3031 5422
439 8443
9526 3209
4223 7011
2609 334
7952 3032
6022 941
8686 4644
3109 7796
4580 5728
8098 4317
341 6437
2657 4010
1307 4144
9884 9271
9844 9546
8614 7826
8661 9155
2429 9678
3395 1884
9586 267
3787 5867
4354 1374
5554 8225
109 3665
4099 1504
1579 3894
5896 328
2229 3272
7866 1801
9395 3057
9366 2966
2352 1864
687 8264
6334 2349
8252 2190
6967 8983
5034 6468
7551 5350
1698 2778
2182 3523
973 3170
8582 9531
8161 5701
8559 8031
4062 5197
1653 8493
5874 4616
6511 2101
7803 7711
632 529
997 8058
4027 700
8175 1950
6271 1830
7582 5674
5072 8809
9958 5674
3209 5975
665 1517
1209 8128
4283 7716
797 8456
254 3532
1882 891
8473 5126
5491 7509
533 7111
1032 1976
7300 9750
7613 1009
6827 8026
3220 683
5568 4696
170 8243
2743 503
3009 5792
2160 2590
4065 4592
9850 795
97 929
364 4162
1606 7497
9387 1910
514 9103
2134 4819
4462 5401
8831 6048
9970 1217
4511 5856
8417 5333
274 692
6706 7891
8879 1105
9999 4601
7283 6261
7322 2992
2435 623
3239 8171
3195 6137
7868 5070
3703 2090
5334 8872
7479 6782
4288 5489
4283 7100
2649 2901
1400 5788
7120 4826
8433 7047
4007 2929
590 6585
6681 4502
3305 6362
170 301
4653 4778
3212 411
5758 3734
6657 1370
904 5744
9402 8747
9897 1410
2944 8566
7376 9629
47 5486
1952 8786
4464 2971
8434 566
1690 3736
6296 2624
5866 5514
5765 6495
2992 4717
1281 398
8869 3725
4072 551
7226 2001
1247 626
2940 448
232 1885
5840 8423
553 9337
5994 4066
7606 3522
3690 1576
7841 8584
665 7342
5071 7260
6991 8716
5542 4969
3827 3752
3044 3443
257 5538
5447 8661
482 2715
8903 5058
5608 2647
5474 7094
6209 6177
3347 7847
9741 9915
32 5184
5904 9095
9454 9638
4208 9241
4202 5698
7168 6533
3684 7603
3989 2084
1519 7140
9889 2713
7242 2174
841 8372
4369 8956
8899 6802
8927 634
2282 3990
348 8928
6880 827
6287 1129
8101 5790
7846 1917
626 419
5000 6645
4828 4181
1742 5237
9172 9108
2540 949
4344 67
7797 8622
4314 3785
1832 7627
6574 5621
8814 7630
9760 3979
1689 1461
8295 3196
3173 5073
639 3166
7724 7894
4516 8330
6647 8163
7926 2818
3199 4394
1827 8309
1398 4695
8440 12
4429 5963
6193 3910
6945 6661
7845 3047
3513 8319
524 8351
5381 4884
2086 7750
7303 9938
9321 5398
3088 8537
6302 7878
9528 918
9283 6127
439 4923
1948 6094
8087 3840
6937 8728
7874 8806
4607 7588
132 8852
675 8811
9310 4456
4908 6685
8199 3246
7519 2465
9988 6373
7495 7695
1237 8496
1685 4396
8859 4581
7146 1131
9314 8366
2700 376
3357 365
7417 5719
7081 8255
5179 3723
8153 1656
5379 3849
4153 1642
5058 3094
570 8380
1524 5667
7459 8032
7411 4018
5723 6833
5979 6368
5618 4569
751 5316
1399 1874
3153 1352
2755 8640
5039 4220
736 471
6648 518
2507 5470
8211 2105
9224 4982
6882 1608
8379 8587
5849 7005
9279 8608
8421 7684
9840 1670
8636 214
2347 4118
4499 8331
3208 5023
8232 1067
5748 9287
7246 9418
6808 4967
5271 6039
6400 2987
9278 8995
284 1595
9318 2870
9712 5787
3972 9965
1584 5704
1497 7963
8337 8491
8348 1485
7085 6436
2222 5637
2302 7965
6313 1747
8352 3428
4005 1807
1209 1384
3508 8651
9367 2587
2701 4391
1400 4003
5264 9361
5356 492
7065 7731
7346 1572
8618 8720
376 4959
3276 5604
8793 5171
8430 8952
1494 5353
229 6842
5513 6023
6978 4252
7642 4092
8432 6963
9637 238
2536 3415
9065 9787
1904 4435
5157 2361
5051 5271
2168 4008
3551 2786
6270 1336
8704 3430
2009 9105
9351 9037
1799 6533
3269 3848
1286 1868
6356 4987
6124 6277
289 7129
7785 6367
2620 1695
2719 9349
9216 4608
1171 7167
4869 4829
8446 6379
2585 3343
9763 5361
8252 6142
2249 1155
5662 8801
4148 6112
7472 1938
6867 1463
7556 8806
1708 2254
8707 7836
7338 2634
2440 7696
3851 6466
2993 5737
1944 7476
5410 6216
9081 5244
1298 843
4609 6232
7696 844
1413 8226
35 4463
9973 2298
6917 8711
9237 7414
3944 1037
4311 4862
5340 7462
5202 2927
5043 933
8566 3764
1609 7836
2077 3077
8461 768
6438 4758
5212 5720
578 9702
6501 5325
5006 5157
5348 123
6826 1732
9717 7267
8563 7283
7307 3826
3157 5493
7952 1591
4892 547
1933 3446
9500 2164
669 5433
5890 2338
7924 2569
4452 8951
8736 6064
504 562
1181 8658
2544 3689
2822 9170
819 4386
4135 4039
2318 4076
31 732
2450 3990
2815 5529
6496 3275
778 5979
6204 7374
3631 8849
73 2954
7454 9576
6459 3614
5272 6734
758 229
428 8177
3537 7088
2647 1438
4599 9086
8947 4861
2175 2495
111 4046
2554 4864
266 2740
4223 2019
9583 5904
1368 5980
1293 2633
2048 4095
9279 5732
72 7776
8791 4931
7803 7623
2035 1150
1443 9111
672 6643
937 1790
7352 9124
3512 7740
2440 8672
2611 4549
9404 4688
1158 8241
4179 1399
8422 6412
6052 9832
8110 5504
9542 7022
2338 1049
1949 7236
4128 4943
1173 4437
2001 4140
3519 9385
5415 59
2463 2167
1523 7731
5841 9499
9890 9813
1064 9061
1407 8126
9319 841
2190 6794
6794 8585
5998 5171
4502 6305
3847 6397
7194 6213
3807 6242
6688 3190
3887 1737
4613 4549
3002 7808
6320 8586
5364 2050
8634 1047
340 1478
5238 6457
7930 6986
7461 272
1655 4347
1290 3090
5829 7312
5235 5628
1184 5307
7012 2617
9140 7524
3941 6654
4461 4306
1914 3365
5551 8517
3208 6490
6934 3381
3995 3232
4889 5071
4793 8159
9090 3821
2133 8737
1875 8856
9514 3406
5722 4437
3653 7765
7053 6101
4140 7684
8449 7357
2833 797
9439 3557
2428 7689
966 5430
1061 6046
4090 1629
4645 5738
6008 6777
8097 6818
8700 9344
8215 3238
5488 5656
9938 3013
7731 528
1397 3673
9030 864
9766 3261
5602 9037
9382 7492
944 2134
5926 299
1056 1881
8131 8120
2902 2812
1439 2481
5170 4154
9522 2283
8572 8546
3719 7451
6177 7470
7819 2093
4265 2706
3164 2922
4184 4314
6287 5852
9171 1829
4649 4329
8446 2023
687 9589
726 5458
7851 8872
1101 269
7368 9103
6689 5655
1770 8732
9037 792
2722 4879
4718 4084
2396 8287
9141 3205
4038 4084
3208 2431
4346 5494
6101 5018
1692 819
7326 8679
8933 7622
7197 8732
6199 9735
5066 6208
416 9356
1173 2344
7748 3761
4679 6016
1326 3499
7412 2924
4759 3180
9702 1402
1190 728
8687 6330
726 7604
16 7914
6903 8974
7563 4435
7212 8534
7812 1146
9683 1252
9829 462
4431 2982
8781 8455
2500 2320
9604 8517
2033 8258
4894 5267
3769 4712
9397 9577
2300 3074
3771 7711
2203 7220
9576 3328
1906 9433
3504 1891
2758 8365
6516 9745
5231 3596
4443 2299
5452 5424
5030 9451
5304 9019
579 4396
9230 2402
6161 7231
9050 7448
897 2092
2063 4695
827 1459
3356 3122
4180 3232
3747 2663
7393 6301
5211 7008
5399 5488
3578 4825
3427 1075
1071 3705
8351 1122
264 7679
1552 3533
5733 436
1248 7742
21 9677
1598 4048
3136 5151
131 5420
1795 4023
5732 3929
5573 6599
6175 2039
7862 1627
283 6424
5288 3206
6859 4525
2023 1225
4726 5521
9751 6987
3127 9470
8263 1308
6346 6613
4531 3050
8447 151
9162 7698
5693 259
5499 3231
9318 5622
847 123
5310 4691
685 5899
8490 5397
7448 8772
4424 8486
8554 9837
7086 6139
2787 9968
7414 2460
8932 9152
8269 1541
6504 7267
3240 6331
8807 2134
1287 398
8283 3364
1460 2989
9476 3074
5575 7263
2504 9011
1100 2698
2087 1584
5354 2862
1182 349
7100 5077
5952 3724
9430 339
8857 172
241 9284
3395 6414
3548 4153
3432 6020
7418 7887
1994 1754
9466 9856
731 6163
5492 5372
7324 4047
319 1244
6488 2615
2229 3990
3078 1895
7620 2083
5960 5322
4432 5872
6494 4046
7638 7117
1853 1233
5280 3945
2317 1342
6572 9856
8757 9784
4120 7746
8620 4912
533 5266
3483 835
503 6171
567 3278
8764 8926
5177 7204
3275 8245
649 8841
5452 7452
1048 7703
7318 2309
9945 1635
3563 6359
220 4072
354 1420
4486 195
5965 3711
1679 4712
9452 8958
8294 2540
3018 9961
9489 8515
2125 5670
4358 4335
4981 7814
5780 3386
4185 9227
8129 482
3555 7008
2312 9184
946 4145
4605 6582
7232 7355
9068 71
3879 9730
3637 1976
633 9518
5674 5957
7408 9407
6861 9630
3821 7317
3396 1265
1670 4917
3675 7757
5930 763
3574 4523
866 6555
6078 6048
9703 8333
7502 7311
4359 4092
5089 5776
9942 8184
6501 1425
1016 1552
3506 3236
7107 9522
3611 8396
1627 7747
6873 1767
3138 8653
1534 3621
312 1794
29 9962
1906 1994
5422 1497
2006 4894
6939 7756
2174 2029
4649 6812
5806 1148
1333 7651
5822 2736
2611 8227
3577 9082
4772 872
7087 8772
535 8831
6251 4863
8107 130
2154 1460
890 6772
7957 1483
3475 1890
2261 942
812 6474
8018 248
4646 1462
5465 4944
4484 4205
3145 6136
4860 372
7855 8079
3883 5017
8664 426
9109 5386
6670 6780
6062 716
8824 4863
6707 3262
4167 4089
4949 333
3905 8645
5297 6001
1521 9983
5144 3238
6134 9796
3443 6948
2773 5600
4154 2867
4128 7533
8469 3692
7260 1315
1704 7115
1130 4160
7191 7634
5113 2598
455 4466
2124 1174
1950 3537
6550 3789
3641 6967
5693 426
5376 211
2487 1542
3613 3370
4335 8633
1052 1925
8162 5461
3942 5819
606 5532
8108 4556
8281 7068
7210 6030
8263 1968
5468 483
808 9935
753 265
3686 6135
497 5232
2266 1801
5411 1536
4727 4785
9655 1915
4557 4567
459 6850
8565 8769
5280 1319
5215 8539
6449 5662
9336 1026
5347 7465
5369 5796
799 60
4776 6880
3938 7247
7491 1090
8770 8677
9711 7431
5021 5164
7470 4642
8726 6267
6544 5843
8948 8621
4735 4114
8891 6391
6842 1152
8136 9512
6945 260
4469 6169
9397 1445
8203 446
1614 2303
6948 7735
8286 7879
7708 8358
2268 7297
4567 2318
2225 1734
4466 571
2381 875
3665 5265
1310 5654
8490 5957
21 716
6848 1388
288 3394
925 9851
6510 9789
4851 6790
3206 5419
7653 6194
9110 4418
2128 5490
5855 440
3499 1400
685 8241
6532 7475
5946 6987
841 6975
7688 243
1606 4263
4182 6349
3378 2105
7778 4115
9727 263
1722 6048
9001 7565
9761 2455
8317 3090
7393 5248
7782 6129
4603 9275
1215 9010
1173 667
9545 9939
803 6844
6594 7015
7872 2670
6971 8965
1425 6014
2902 199
5541 2326
8004 4664
2406 4809
1044 6478
4339 9573
7697 9261
6468 1496
3732 3144
1725 1386
8147 2826
4920 8780
1836 9607
7400 2884
9206 630
2088 8422
8212 7555
9850 9220
8364 6244
7300 6656
3613 1025
8487 9233
3660 683
6961 4840
7543 2781
4050 8528
8109 4930
3 3148
946 4350
1980 777
6737 1526
646 32
6083 8453
6770 4329
6862 7903
3297 4782
7409 3634
2530 7596
8424 1384
2454 6802
2423 3873
1045 9430
1497 8974
7368 65
9049 5302
4330 7169
7782 8593
6791 5755
3882 4864
1702 3076
2139 8523
796 80
7182 2020
2482 1746
6764 9242
779 5875
1975 9029
3724 136
3983 4340
6288 5816
4162 6776
381 7807
7121 2313
3876 8218
8962 2009
9681 402
1696 31
9538 4673
5022 5264
2719 1686
8534 2206
1541 3203
9825 4549
188 8944
4582 2035
1099 2812
6269 7397
9915 1569
6227 4285
6882 2686
1834 7531
9789 7532
5472 5101
5014 6622
674 452
8127 5368
12 8096
639 2115
4559 3893
8919 582
1784 3899
2796 246
4572 5162
4899 617
1276 8444
8280 328
6414 8029
9231 8893
7080 4543
4761 295
5280 2423
5593 8854
8887 7320
1416 1308
4888 9231
4409 3454
175 3908
982 7543
651 9810
1403 3013
7402 8771
5916 4141
3815 2507
4678 4030
4356 4660
2361 3921
9152 1178
4161 8424
9611 9243
3151 3787
7832 470
9709 9117
6582 3877
6253 5749
5180 2120
5275 6494
4381 6880
2382 3214
8102 7296
9262 7532
265 9597
9450 1895
1233 8654
2239 7406
9279 8625
723 2582
1479 6665
5670 3258
3638 3796
5245 7897
7724 6719
9245 7989
2837 4530
6577 8228
6944 7072
2872 5266
9603 5473
8993 8462
3305 3925
4586 1849
6592 2346
3390 6215
289 2780
1921 8165
2109 5000
3042 9133
6546 6620
225 4003
3568 284
9565 6970
7475 8773
6740 613
9388 7515
3487 4759
1432 2638
6589 4029
6572 271
2670 2704
3879 7398
3035 9833
9222 3260
1622 5832
85 3893
3626 3019
289 1629
8497 6830
1296 475
5329 8833
3229 3221
3252 8154
1985 4335
1820 6646
7966 2049
6375 9027
2423 6911
7204 4494
741 1765
3589 8940
5945 8587
1209 8310
7814 5079
6990 3042
5931 8931
9726 2683
7576 5017
4113 4918
8361 2754
8611 4522
9908 7820
6797 1415
3229 6770
9257 2276
2196 8186
6746 5146
3301 2575
2276 9523
6038 3485
7819 8065
9451 5222
3237 8525
9043 4984
5893 6716
7631 9661
2542 4796
8682 8585
2624 9318
4919 5862
5494 3312
8469 7635
8329 5522
1867 9413
9570 786
9092 1180
3054 1802
4291 9675
5018 2851
934 8121
1674 4631
6817 1883
492 7503
4303 41
9617 7504
7122 5645
7871 5839
8048 2338
629 532
280 8473
495 9133
3830 4157
4213 2017
4020 3624
6513 4352
1205 8354
9521 5945
6427 9708
1843 8749
3170 1520
6493 6770
6544 6637
5701 7450
2699 230
6627 8581
6423 5905
3030 7683
1486 5937
3171 9590
5990 4483
189 5249
2929 4980
9386 2403
8717 2156
5369 9348
4777 6149
5836 1467
2143 8897
7922 4574
1542 5474
2169 4148
780 323
5016 9044
5132 3059
3866 6684
8611 4319
4051 1342
6069 4682
4566 3490
4519 1190
9503 4691
3632 1324
461 6642
9999 5009
2494 6650
4089 1051
204 8889
1558 6058
2797 9279
5555 950
7539 2263
4033 5848
8726 9847
9625 7267
5993 7872
9580 7603
4673 9033
2049 8285
6329 7304
6314 2331
916 2552
239 2088
9041 4683
1753 7795
2367 9269
1046 140
9329 5324
9963 3842
991 5366
8615 4338
6734 2715
5425 3812
7491 1029
8442 6130
7000 7193
4037 2102
9848 9509
9306 240
8938 4403
6671 9910
739 4399
5456 567
430 3093
3161 5215
2583 1507
5317 4641
9307 2941
6376 4311
7896 9317
5602 1820
4813 6369
7531 386
6685 2486
859 6631
9165 6262
9521 4509
6593 9932
3132 8320
2983 7338
2264 5835
6937 49
9922 5855
3564 811
5381 3446
8621 4840
1764 5389
5462 8063
484 9004
4613 2264
5923 9427
9691 5184
8766 9014
7116 9645
5576 9326
8570 8613
39 8165
8685 408
6890 550
1130 4507
2472 4996
9536 7030
6851 6366
7898 598
6279 8494
1370 4743
7676 3894
8877 857
2473 920
1320 8490
9414 8649
7405 2775
6047 6749
6192 8085
6313 486
9819 9617
9435 6273
4498 2079
5132 9226
2321 6940
3113 8188
3030 2983
3113 3493
869 4865
7515 3795
9128 5437
6648 7182
5211 6491
2977 3676
3060 7000
430 6726
6705 9365
6614 8600
9813 9829
3654 5318
1326 5535
1425 5751
9870 805
8385 5497
1572 6204
8675 4020
9173 3919
5873 7034
7505 7657
1405 4559
9734 9210
5794 4533
289 6421
1874 6321
5967 4052
2581 9181
6321 1070
6455 5688
2024 6844
2018 9232
8622 4626
8063 4313
9370 6631
2643 8771
7196 3263
8825 7027
5636 358
1442 9944
9995 2686
7524 8835
4475 5526
3218 592
9615 7227
6787 7669
3034 2917
5696 6356
8789 7657
6355 2704
4290 6472
3629 6953
7102 3668
7472 3814
1162 7710
7121 2427
4391 1407
2386 9313
178 116
9578 3551
1489 4411
12 6083
9857 8745
3703 3147
4070 9456
3345 6764
2765 1867
6984 1402
29 4341
6153 3266
7335 1347
3466 2047
7474 9830
3508 9266
6122 4668
6124 7053
2172 1501
3252 2800
7962 5262
4266 2650
7551 1057
844 5753
7706 4483
1157 2102
9178 4279
2752 3358
1695 3116
8037 4850
1044 6863
8092 2503
4643 9877
9566 4859
9526 7223
4980 9013
9007 4955
5983 4370
5915 3534
449 7169
6490 2402
1788 5950
1229 3440
8692 8971
7088 3973
3830 1404
2890 1764
64 7932
6252 8241
2634 4729
5875 8171
2797 1106
9322 9553
9398 59
1774 2013
2244 4135
9129 8939
935 789
6787 2739
2323 5642
6633 909
9321 3713
3801 4355
306 2247
2620 956
6726 7240
9128 112
3811 2545
2232 9748
2868 7853
5192 1034
5043 8348
4473 5996
8876 4560
4761 5918
3776 5635
3253 20
2310 9893
9491 1750
8825 5142
3796 4395
8965 6723
6315 5722
3779 4515
3057 7727
2506 4764
7765 3472
6413 3622
1602 6631
1518 3049
9839 2352
1779 9785
1035 6935
4308 6671
8849 1021
9044 7829
5288 9887
5391 6239
1408 3211
9448 1228
2811 990
3990 1954
334 415
9519 8670
1238 3927
5632 2282
1717 2282
4990 5025
814 7050
6892 7035
5534 784
2972 8873
3376 4533
9080 3430
7071 1923
5475 8240
3834 9154
9685 4324
3438 1690
7570 479
2797 7474
2100 1515
3668 8526
2108 3268
6554 2727
8239 133
4806 5314
6767 2311
4392 2887
9541 2996
7043 5695
2858 5834
585 2613
4483 596
1398 9966
6523 6454
6860 5721
8572 2406
5016 52
3664 5214
4472 927
6222 2870
4051 6150
1285 3680
1129 3143
7362 6878
346 1681
657 6535
4011 2192
6504 4357
4832 3951
9129 8314
2199 5515
4428 728
4259 342
6234 6327
8089 807
113 524
9555 1662
6746 237
4010 1044
3281 2174
8530 1887
1514 4508
2772 1407
7182 5070
8639 21
326 3354
4772 9172
9202 8129
6913 3787
8550 3650
1525 927
6434 2207
2529 9338
8810 4617
1728 9318
405 9596
4576 1681
2690 2276
5353 9815
2480 1688
8916 4674
7915 4633
8434 7237
7511 3927
7511 68
1444 1914
3057 24
6927 9714
2753 9127
3980 2838
9072 901
4641 1963
5352 2990
2248 8677
9649 3731
6736 2905
7861 6163
5688 8204
3808 6003
773 8169
2268 5462
2937 5994
7745 267
9121 7705
2018 357
6866 3653
7731 3732
5335 8996
7579 2378
7960 294
3790 1230
1799 1048
5359 782
7720 3519
8474 2449
1962 4276
6259 5534
3853 4245
3067 6815
6730 7233
6813 2695
127 2041
3515 2634
5249 6639
7001 7266
7273 2286
9349 8380
8960 1684
7977 9810
4713 4715
5418 5187
1866 9582
3864 4588
2306 8717
7801 5099
6087 8389
5474 5773
3208 6084
5574 4267
1073 745
3916 162
4649 6987
6594 7081
5370 4782
6146 1903
8311 340
9711 7268
4881 7864
3254 4131
8284 3297
8880 1518
5830 9600
5854 2285
1405 5343
9603 4771
515 2422
3837 9463
4128 9171
9959 7773
3110 3822
3564 7441
2715 8756
5153 2726
8398 5938
7980 2228
4964 5441
3657 6394
5976 2245
9402 3660
4331 7162
9429 6513
1313 4534
877 3509
9053 635
356 3725
3720 2680
3167 9808
8677 9634
6547 6111
823 8885
494 4111
9593 9079
2159 5292
1234 8549
9066 7712
414 9190
4903 7618
5295 9811
4923 1311
5834 8602
4427 2063
6680 9738
215 3765
8398 1803
6648 320
7245 408
4572 9263
9773 9990
8839 8738
3256 6080
1002 7905
4484 5933
7268 7781
8756 3764
7734 3200
5734 2785
6069 7369
997 9971
2346 9070
321 7560
5087 770
2098 3442
8837 6911
3122 563
8041 4636
3260 1225
379 7767
5517 5043
906 1483
2974 7573
5157 6931
954 9749
8864 9938
1582 7361
4450 2436
8402 4344
5609 5578
5168 8703
8676 1229
2666 4310
5376 6757
5565 9799
4150 5299
9948 5675
5324 5818
3970 8694
914 8810
847 7550
8732 6455
5790 7768
9085 7084
5474 8850
9043 3905
3003 6628
6822 2916
150 9182
205 2001
2392 6008
6659 2765
39 2804
711 7037
5724 7289
9968 2222
9756 9650
3828 8328
4210 7700
2398 2469
1455 3205
5020 4569
769 6798
7078 5142
5390 7837
3073 7730
5338 5221
8348 3840
7405 9972
8945 5299
8651 2635
1518 4898
1151 633
8990 2657
4025 2445
6690 8835
3637 8664
9621 1092
2581 4542
1209 3078
52 4657
4905 1119
707 2623
9457 7666
3204 60
604 152
6754 2824
1842 7696
9373 2887
5123 4823
9214 6549
4299 5732
5175 2846
7340 1382
7927 8758
1658 8181
6704 337
3757 8288
704 3837
4132 4973
8702 8487
4118 910
1172 2603
548 6186
9243 4273
3165 8179
1431 3687
7590 8924
7384 8795
3260 8626
6996 5728
1024 6948
5371 33
2329 5784
7493 8656
315 1163
4663 8895
7647 7493
7627 4965
1725 6956
6704 9845
8475 6765
4637 8811
251 9526
9322 3886
7393 9116
1815 9478
8094 1086
3419 4639
7022 2107
7840 3419
2122 9498
5239 1065
4198 1504
2148 7305
4107 2009
4536 498
7130 3434
4525 7943
4918 142
2765 9258
225 9809
5903 3296
5440 2006
1839 4647
9822 1404
5063 8461
3506 6685
7133 7407
8978 5203
3492 2120
8197 8663
9548 3438
1303 2699
4592 8160
4122 120
7832 7282
9939 8526
588 3703
3144 2367
1634 6630
260 2053
9737 56
751 2630
5577 6068
4273 4423
8203 6537
1113 3493
5282 8618
8506 4089
1089 4559
3154 1508
200 8247
6266 4191
4722 9847
9792 1577
2330 953
1933 5162
3647 5185
6893 5361
5330 7800
2926 4229
2025 8390
9315 6035
1463 1144
2919 4098
2196 9555
223 5509
2722 2756
9248 6025
1904 6370
9973 5460
3995 2778
9637 9941
3916 880
2970 1670
4054 5718
407 9461
5988 7287
2418 4887
2119 8336
5998 1458
8370 1275
3426 1524
3590 9758
1851 4666
2845 1817
845 3956
9380 8072
5092 3305
9867 5175
3998 5696
5490 1212
3822 3779
7696 2359
9781 2474
1817 4279
758 510
6872 5012
9801 2310
6175 377
8023 2986
2073 7033
6854 8154
8193 9624
10 7635
8946 4575
9375 3641
9519 2879
4447 101
625 4735
4970 6745
9091 7557
2090 2859
791 3983
6222 6947
9082 2813
2315 1609
5703 8395
1842 3181
2966 7569
9773 3052
8296 3958
1359 7342
4743 2724
260 8637
4208 7052
7756 479
2677 4623
5577 5058
5939 6093
2333 8835
7853 9718
545 1984
1566 7653
5798 9314
8676 113
4148 2278
845 6466
5565 5216
5419 6743
9390 3329
2232 693
6647 4919
4309 8571
8762 5493
1563 6823
4903 5927
1574 4205
2113 5270
5697 2944
1790 4205
4739 6803
3438 586
9293 339
9683 6184
5727 461
4364 6161
9426 5881
3083 8677
1418 8781
4221 3627
6106 8001
5975 151
3477 6585
8878 4053
4720 567
4927 9891
7221 1334
5474 8610
8486 8265
153 5043
6155 8816
7187 6630
4256 1694
2156 6958
8242 2616
7085 5519
1410 7725
3735 1875
5406 854
4135 6597
96 78
2562 8096
9813 6912
7406 7793
8789 1581
3118 3772
6739 7622
9703 4250
2636 905
3956 5536
5837 4370
4860 6068
1205 8320
7045 245
4585 8926
6686 7216
7683 3937
1667 495
1813 9795
9770 2480
7568 5781
2240 5868
4662 7838
2763 5670
8259 9651
2074 6275
8596 8754
7277 9564
1522 7611
5966 2437
387 3814
2865 5272
3279 909
8866 9200
9905 1683
8963 4742
317 7257
4690 9521
3365 8013
2391 7895
2887 8288
2282 1624
1010 9858
251 3069
98 7560
1106 4094
169 7537
7381 3410
2752 3077
87 3781
6095 4984
8924 2669
7868 2424
5267 8428
5758 5325
1403 9469
2014 9656
4359 782
9631 4525
9906 4580
1747 2428
4527 4218
998 4503
1104 9897
9098 8903
3161 8451
2447 7924
737 3682
4521 6891
5224 9363
3452 2666
4878 6619
2107 3605
2871 1834
799 7978
5070 9643
8848 8813
915 2124
5924 2665
6462 743
7701 3097
5410 9928
1529 9816
8521 3756
3076 2261
4263 1143
636 1672
8581 6816
6029 9439
5130 1093
4413 73
3355 135
928 292
7546 4144
6937 5904
8520 2768
826 238
8234 2364
3943 6100
8492 7755
326 492
6066 1637
2493 7365
2667 6064
8149 8304
9085 4478
2202 5556
743 823
1382 9317
8492 3322
7072 3859
5173 359
6454 1064
5881 9556
5733 7244
5726 3792
8066 1186
4304 6121
3621 3481
3146 1663
6285 2734
6506 5769
4324 2339
4961 7987
2525 2601
8248 6761
7723 3265
8696 8040
8699 1223
1402 9181
8148 9715
5805 471
3202 4064
7328 1095
5995 7366
22 356
9132 6592
9629 120
7586 774
8636 5629
6538 7003
2422 612
9436 6056
2717 1159
780 8526
9013 9279
7349 1405
875 8242
5370 5925
179 3215
8160 9638
9676 560
7176 6072
2520 9825
2030 8370
1824 396
8603 5395
9740 7470
4237 5604
5025 6471
2376 4105
7237 475
8328 1268
7914 8807
7873 7167
5148 2672
4455 4979
3931 5069
6989 8776
9676 3663
878 4832
862 25
7197 8035
2828 1805
4310 9244
4114 6188
2290 8244
532 4674
9039 4663
9110 7748
3981 1590
8491 4113
5043 5655
3012 539
2101 6914
9388 4015
7938 5168
1562 7950
7514 153
3207 5067
9820 5658
6669 6814
7816 5998
6229 2749
9096 9203
5155 5883
8716 5210
2966 3129
3589 2663
7815 1810
8339 8263
2548 2604
6129 4710
4283 3286
8294 996
9020 2385
7191 6100
9892 857
77 9284
1278 2501
9993 1186
4002 8026
6922 3428
8177 2816
3796 5359
9762 7512
2361 4564
9353 7629
1063 1550
3115 4449
295 623
6833 7624
9376 7095
4577 8528
8270 2141
6231 7704
7118 7492
3091 6204
9174 9110
3450 3254
6667 1341
8734 2902
2539 3777
9343 123
4189 5803
1564 328
6025 5086
5860 5437
3520 9555
7259 4362
6118 7750
714 6859
9842 4237
9369 9568
5962 8044
7779 9778
6999 3571
2464 2421
3724 9624
1819 3224
1255 4212
762 5707
2242 5662
1696 6189
5514 3994
6394 7507
1766 7689
7758 4731
154 3835
9194 112
3187 164
5554 3948
5116 6285
8788 9197
3443 2711
5778 5338
2572 380
3879 8042
3234 3472
5613 9345
5018 6593
9062 1904
2254 6811
8972 3870
5642 4238
6892 6814
1922 1953
8783 9509
4234 8052
1473 592
7041 824
833 6980
2803 891
3113 4011
7714 949
292 6929
5297 9426
5520 624
9823 6163
7021 1339
1337 9447
6357 8006
8661 3269
1518 9361
2887 9254
7953 6960
6706 499
4629 1664
4091 2112
3909 776
8488 1510
4389 7083
3075 4686
5584 732
2923 46
4337 3752
3077 5202
3788 9879
8409 974
7540 200
5604 5805
2020 2939
5973 8798
1034 1399
7934 6576
1769 8243
2278 3583
93 8376
3983 1910
1521 6134
2348 4794
3867 4790
5365 7049
1482 4138
7030 2026
8304 5829
8335 9100
6515 3925
6748 3987
6200 7847
5779 7528
7514 7169
8975 7080
1313 1338
7845 1597
2047 2811
4638 8224
5669 38
1899 6153
5974 8177
8077 5415
7398 2590
2177 3157
4781 6281
621 5565
5364 186
4516 3468
424 4025
5512 6052
5698 8669
4556 2664
3273 2258
9135 5765
4758 8092
9051 7837
3247 2267
289 8340
5670 8250
5460 7885
2962 993
5061 3622
7287 1332
3530 7044
7732 9009
8415 9167
1302 49
1445 8360
9507 6907
7222 6033
5698 8115
1087 3915
3527 3089
8208 1560
6045 3535
3058 1987
1366 6013
8690 8429
2870 3232
9570 7861
1447 8332
9034 1791
1648 3997
952 6908
4197 9082
8352 1644
1104 3736
6293 2839
9252 6247
7530 1964
1333 9280
6347 3247
8862 1204
3652 7510
3497 6687
1505 7875
2302 4160
3577 2844
9247 9951
6323 2644
7989 7613
6094 4663
8654 4718
6055 8185
5952 857
7567 4175
1810 3138
4308 5187
3508 3824
9827 3596
9992 8102
4017 1123
8919 3007
5489 4027
8028 2006
7119 1411
9636 1486
9570 6397
4709 924
7077 8700
255 4345
5891 1017
6947 5315
6596 180
9868 6516
8063 2912
3316 518
723 3906
7842 5624
4579 7404
2288 2904
8253 7112
1776 4189
5974 5709
4768 6091
5294 7303
1264 8190
9505 1800
8588 8953
3789 7029
2538 7687
5526 8224
56 5371
1041 4069
9505 3399
4320 1756
662 6229
7777 5320
2820 1721
9794 6543
3091 7719
3032 8819
1120 5341
1767 6301
1707 1693
8393 9178
8939 3963
4891 2338
6971 6287
8951 6756
9616 4557
3733 2076
557 3644
283 9091
7578 863
2993 3886
1530 9782
600 943
4961 2588
9128 1244
16 6466
1341 2153
7994 6039
1141 906
4682 2095
6799 5968
3160 7513
2382 1345
1250 1514
4056 9627
4927 1627
8607 9432
2762 2709
9660 3682
4749 2110
346 6071
4465 8704
9419 5550
6363 4872
2605 5640
2765 2401
5241 252
9266 4023
5372 7901
7994 5160
9446 422
3204 9925
8715 374
6431 1386
5263 7018
9037 5621
6778 9980
8180 9031
9748 3190
9973 1979
1587 3629
7966 2969
6110 1893
3120 5140
2764 132
6969 4009
2177 445
1886 1080
7416 5499
1922 7334
636 4549
8761 8165
8526 9740
1864 5111
259 344
9212 2021
9999 459
1411 5044
1778 9447
1355 4560
9256 8924
666 9602
8748 5482
1175 9927
8977 5722
9661 5647
1109 2263
4372 2566
4252 1138
9509 7218
9418 3661
5426 6228
4536 6490
287 7435
4857 3328
2623 4013
1318 316
5568 3678
2860 597
911 5584
6094 5189
5100 2015
9241 6148
2783 1350
3221 4844
5198 4579
4051 1485
1623 3915
4178 8540
1954 1924
2801 1842
251 5949
8687 1391
1704 800
2121 3273
5167 6895
8095 9330
1725 3861
4379 4428
6751 3150
7125 3249
8262 4584
3471 9352
8681 3538
6946 6864
5406 3784
7253 5567
9145 9680
6534 8346
4682 6407
6333 92
5757 4620
6199 9089
1095 54
3066 3550
4135 5609
3972 6701
943 968
9816 9294
8460 5868
6477 3011
1340 8337
7786 3424
2978 7975
8850 5455
3848 4966
408 1869
5556 4443
1421 6543
2213 6402
661 1549
277 8116
1163 1321
161 6997
1173 7443
4470 9468
9958 8215
4555 8364
929 3287
4649 7551
4606 6
7084 3734
6192 3431
6624 5487
7462 7500
3687 914
5231 4334
8811 1867
737 5238
5843 2423
8891 3311
4772 3864
4976 8655
4422 9896
3695 8411
7442 4026
7638 3213
1852 338
3788 5914
4526 3507
609 8382
9137 9212
7660 9437
9119 374
3051 8760
3378 706
8622 1169
312 9685
5334 7823
2748 8954
4349 4080
2238 2877
2616 8874
8157 1034
5294 4182
8696 4420
7518 4995
4640 1077
6817 5943
8193 6404
8858 2554
167 4577
8664 7639
4793 5398
8110 988
8032 4182
6201 3256
4111 2753
2727 9052
7890 6510
7973 2282
5376 96
5551 8379
3542 6261
1491 7861
7215 6165
6014 8381
7360 6072
9098 9448
9803 573
6632 2904
2865 3728
7335 4647
8964 1964
2228 1948
5288 3192
4101 6603
4216 1311
2461 40
4567 1222
2221 4558
4304 2558
280 9618
7033 1319
8158 3326
4912 1825
9273 9240
7085 7050
705 2999
603 8422
6384 2973
3374 8008
358 9303
3372 5383
2734 9403
7928 3226
1903 4081
1070 2463
1872 9721
164 2875
5890 395
1598 9369
7835 2559
3358 6734
9126 1759
2348 9516
4607 7849
5355 7754
9316 7361
5176 3347
1387 3699
880 5849
3951 427
993 7582
8382 2066
6724 5740
927 7636
2950 772
570 8794
385 3735
3098 9862
606 3259
3587 1764
6138 6280
4699 5441
3420 2435
5827 452
7753 1127
6425 1212
7999 1144
2386 6350
6087 6449
1352 4935
9530 5272
5580 2182
8138 8204
42 7113
6979 6494
3046 6000
736 2431
3425 4180
2862 9095
8377 1489
5994 5818
8662 891
1078 1027
1356 2516
7258 2889
4050 704
8032 4210
4598 1283
2525 9356
4839 490
4798 4426
9559 1412
3190 7622
6741 816
2787 2610
7156 9152
638 3090
2499 2238
8605 5101
3720 5994
9532 3084
2194 1070
3859 9262
7570 7261
7082 8632
7724 456
9748 8363
563 9410
4239 4179
5037 2438
8907 4571
213 1005
5365 4065
6215 2601
7803 9835
2252 4147
812 4622
2981 4222
5765 1233
7235 6019
4195 4514
5596 237
1744 1634
8786 9637
2506 6144
2312 4680
5104 9570
7750 2035
3161 7714
8287 2281
1711 6993
751 8110
3563 795
3750 5671
291 8491
6309 8808
7284 7684
7681 1614
8764 907
7294 6903
6133 6049
5686 8953
6124 7994
3185 2150
8364 9985
2147 506
5478 1514
8935 5171
7755 6321
7683 2242
4171 7282
1954 9554
3955 4739
6635 784
2931 5847
9534 1712
6795 1077
1673 7562
7621 9685
294 1848
4793 5015
380 7801
6113 8791
5765 182
1421 1714
1504 676
3542 3145
8032 5416
1942 6484
6565 4797
6878 8109
7573 2050
2345 9541
6201 1054
8472 8420
5883 6238
4213 1592
8945 4393
761 7755
5084 2852
5861 1186
6383 8784
5838 2813
3390 9428
8732 2039
3485 5253
1734 3502
1877 7061
8338 8059
6113 2728
4700 1011
5815 4305
4801 6444
7912 5959
717 7593
2639 9411
3597 8040
5786 9161
9975 7204
5584 7317
5747 8567
5660 353
2071 5698
711 6729
9372 25
8635 5094
4772 6835
2685 933
8323 2837
6547 7692
8583 2474
8466 2576
6219 9805
3808 5995
4412 2464
4626 1897
7394 1758
1393 3029
5798 47
9596 8578
8380 2954
8688 3343
7404 6967
4584 3013
6820 4053
1582 7769
6176 3963
748 6286
399 1094
7908 6620
6493 7151
6132 4309
3286 7818
6085 9458
8091 3249
7318 6098
2378 850
6600 2447
4250 4949
4507 3410
7733 5977
9059 1942
5087 8638
7771 3790
7105 4886
6399 942
3948 4202
2610 2423
6354 9507
1007 146
7137 1572
5145 5476
8164 6532
7327 8605
2432 7864
1747 693
8534 259
2786 1809
5040 6350
8227 948
8849 4130
5225 2425
8652 8421
3135 8033
9856 815
1500 1996
8508 5381
9948 9823
7713 695
2200 5991
4441 6784
1038 2065
1725 9601
4669 1218
9103 8432
2713 6522
4254 473
1655 7524
4558 5332
5983 7213
7958 7805
6909 7963
3073 167
5877 3824
2028 4436
3955 3985
3841 5366
8401 4743
6373 9814
2994 9809
9425 9479
7294 4196
4287 3472
6115 7803
5758 7858
4394 996
6248 651
4788 8343
7765 6190
8095 9377
549 7854
1387 166
9444 1567
2799 8735
1386 6041
4404 4001
397 6206
2373 5511
8818 765
7886 5643
2359 9463
6729 2174
2484 1113
8193 7630
5423 1736
9832 3795
9644 1484
85 9833
2808 881
6645 9261
8553 3803
7090 2166
6682 4019
3097 4530
5050 6909
6576 3525
2458 348
6916 1528
5619 2919
4268 350
4398 5455
1456 1734
2866 2417
1101 2650
8617 3810
4301 4583
9633 6777
5782 8928
8292 2746
7549 5961
3946 5480
1670 3825
5182 3654
7249 2593
7131 8028
8205 9360
6302 3303
9901 6411
4422 4812
6187 3715
2183 5082
2541 8049
3428 2233
4128 9452
6844 3550
896 4969
457 1161
9838 5308
6927 7532
1315 2293
9827 1057
4947 7527
3631 6038
5236 8835
4213 2986
695 602
3790 2490
201 6100
2077 5672
5040 5962
3435 2277
8855 7071
8773 9411
4871 754
4919 3982
663 1664
725 4853
9719 7127
4946 2726
3033 4981
2552 5375
505 424
2798 9676
1198 6302
3959 5020
3081 6168
1903 806
6760 185
1685 9334
2402 7474
7195 5233
1313 8818
847 7646
4750 9060
6202 8644
5748 225
8038 5822
5011 405
2804 181
162 7398
1998 8357
2117 1628
551 8256
3358 3253
2168 3198
1492 6639
2171 5585
3153 6486
1873 327
2771 9780
9306 1894
8022 7882
9114 636
9546 1310
122 2324
3764 4647
1538 8718
5426 7687
5436 5763
6782 8323
5250 2298
9994 8832
3824 3012
6965 1638
6683 6788
6610 3281
2396 4655
8821 7130
7560 3791
9783 4636
9563 4274
8346 2389
5768 2932
3905 8403
1123 2550
9926 5764
8766 6250
3495 6770
6932 4491
4234 2080
9240 6568
8927 7229
7792 9168
4219 3219
6609 2589
7431 9159
9779 9394
1458 884
7975 2559
4977 1400
8567 2552
5919 2316
6651 7095
2670 5101
4294 3010
5855 8032
1360 8160
5064 1125
3452 9379
4873 96
2016 2183
5737 5500
5890 1879
3051 5018
499 8392
5452 82
7123 1227
1217 5129
4358 1414
2922 3526
4068 6208
3512 5042
4500 674
2195 5913
2429 7788
5705 1505
4895 790
6637 3052
1899 4604
8594 8729
4940 3957
7942 5335
1579 8493
4769 1146
2543 4951
8659 9892
6757 8087
3919 8831
5913 6284
9710 6502
5441 1038
9204 513
1616 3613
1342 8627
7123 2800
5175 462
3980 8989
790 5302
9813 902
544 9656
4832 4018
8998 6438
9686 7561
1774 7208
3949 4341
5899 6465
7044 3069
2052 2594
9105 3101
2826 1846
8507 2251
9461 4593
9791 2900
4372 7322
8023 1407
5470 5273
959 9483
9013 3342
2241 9086
7686 9554
9686 7239
3324 4776
8128 6785
5320 528
9120 2023
7876 2598
6181 1535
6479 7239
3264 8379
7567 5434
9748 7580
5255 9565
6946 6529
2881 8844
7892 7559
4364 1578
7909 4182
6630 7058
3498 9715
5101 4218
6 2394
3851 7035
3799 4813
2218 4120
6740 663
5761 8746
68 9940
6116 6748
9171 9822
5417 4522
1241 3981
2237 1956
3050 4470
2546 8914
136 3825
6390 5898
4711 2614
5553 5818
9769 6294
733 7641
4918 5491
7609 1122
2393 2383
5068 2497
4914 8226
3158 9186
4600 4608
2182 1024
2513 4330
5194 8278
3766 7985
8957 4805
3153 891
3595 2106
3403 3104
2727 3551
2486 2587
239 9863
8164 4546
2373 5326
8893 6824
6391 8368
9798 303
8365 6530
4107 2991
1934 6370
5229 4846
4350 101
7822 4920
1622 5428
5340 1759
1582 3852
4110 362
4563 339
8952 2738
9878 6349
9086 6463
6726 3934
1333 8889
3030 2489
9468 6866
3574 3932
6599 5357
3110 2361
8075 134
72 9593
9854 8059
8223 4108
3133 6801
3344 5651
9677 6985
1900 5545
1134 6729
17 2696
332 4886
7946 9320
4368 5437
8597 1669
2667 996
8381 8218
6564 5062
4181 6965
8276 1060
4111 53
8980 3290
4082 2268
5287 9970
4230 8486
2928 4881
4558 5555
5033 1632
6880 6247
6018 7609
8733 1935
9830 2829
6610 4827
1379 2242
5998 1350
176 233
4529 8866
9405 9934
4686 3990
3136 9263
2039 5870
1658 9685
1843 3782
5570 6489
5156 8519
4410 8762
6549 1604
9625 5089
8444 3271
9329 9908
4885 7721
2610 6370
5604 3773
2157 1518
9087 8028
4041 7565
8904 9915
1461 5280
9348 2308
6956 1793
3077 5366
7889 5612
9221 3402
335 9599
8156 9550
1676 2804
2612 7388
8646 9018
3904 2022
9907 2587
5543 9253
7753 7156
1633 7842
5685 6552
2853 8044
1698 2145
2835 708
8272 7181
2315 4624
6049 7528
815 7164
2135 9784
1814 8881
2686 1547
9781 7403
3631 417
9926 4241
9820 2815
2896 7863
9305 9824
6596 3577
2802 6268
4056 1932
4690 8664
3518 4853
8740 7038
2427 2191
5807 6955
7704 2350
1136 5393
8248 6831
4016 4441
9162 7740
8501 867
1066 9881
5650 2217
9357 6144
2244 2982
2421 759
7442 4718
6523 9639
5726 3557
8798 8234
2965 4767
5084 3879
2224 7715
8955 7927
6675 8421
1959 587
6219 649
402 2960
2806 7430
8276 655
6278 9153
7050 8360
865 1243
934 2023
9467 3264
1594 6615
6504 4405
43 9393
3556 6873
1411 1546
4822 8465
7530 9347
7082 9717
4576 9136
9135 259
5729 1399
6074 5774
7296 3675
7781 1122
6244 8469
6283 1151
9732 4118
2830 2532
510 4899
1199 2585
1777 5297
2170 5950
9587 2503
4614 4367
7190 8753
8363 4513
3163 6440
544 8920
5071 9827
5077 9509
6198 2139
6057 4273
1982 7997
7876 9066
4101 7720
9000 1355
1246 8340
9317 9536
3793 409
5947 6945
5791 3044
2778 8257
4247 8852
7398 3783
7536 5988
774 8380
2439 308
490 4416
487 8892
1733 4343
7247 9925
2981 6951
6957 7205
8370 4175
2224 4058
6599 6303
9105 7980
205 1722
1744 3396
2423 9162
2160 4118
1208 4285
7386 2327
5063 2403
1905 7251
2809 8127
6367 582
8207 1020
1474 9813
8187 927
1662 3008
4322 6871
6610 6575
805 4922
7304 1898
1640 9501
6185 7034
3358 1794
8179 1665
536 2733
7256 7361
6835 7809
4409 9218
2453 3837
8210 2362
5150 6435
8312 7882
2979 9210
2364 8679
8513 3116
8243 3613
5575 7314
1766 756
7582 9032
7155 9681
6460 8053
5258 4665
9609 9752
1554 1066
6014 3689
1131 6739
2422 6445
7423 5468
3039 8271
5497 6983
7780 3247
2269 9042
2705 3290
7966 646
5448 7818
5939 1717
7922 6179
1189 7850
602 1590
7985 714
7368 9408
945 2213
4243 6300
9397 2077
3071 2826
1934 2691
1271 2298
1031 4900
3600 6780
8534 4799
916 832
4149 1336
566 3861
223 1983
6231 4857
2900 5119
8495 6607
8079 7025
1921 6849
3919 9544
6697 2457
4275 2647
2216 4576
2210 4067
5852 4741
1392 5724
3265 7846
1550 5550
7638 9452
2563 5151
3804 4404
7999 9163
6542 5341
9101 3177
4132 5359
4982 7658
1357 5624
8356 5352
2717 6119
3350 3188
3458 5786
9919 7481
6749 1007
5827 2591
6943 4
380 832
4765 9373
1221 5965
4267 5877
3289 6641
327 4635
9087 4707
6877 6487
3880 7313
5248 916
4441 4873
500 5124
7571 7304
9264 7015
9654 5153
286 4452
55 8412
9597 8942
797 7013
8250 4909
7103 8556
597 3471
4557 5410
9442 3880
9154 8383
6410 7511
2855 8247
2189 1878
5259 981
5381 9497
9853 9506
4037 4881
3729 9169
6832 5000
5295 1963
6948 2829
9818 9192
3964 1947
4566 5905
7511 5545
6902 2805
9073 9229
212 8945
9127 1118
9045 437
554 6741
3770 6990
3125 9092
10 7021
6763 5524
4597 7804
1954 4096
637 4157
6253 7934
2526 8718
4082 8144
227 9841
3110 5394
1072 3718
32 8667
5803 6712
4784 880
8469 1489
3861 4923
8395 4203
6248 7005
3128 9766
1603 5718
6862 8186
6218 731
6265 4330
9096 3234
2226 1104
8184 1233
5391 3680
223 3586
843 8881
130 9000
1160 1123
8793 6367
8049 2031
9731 4358
5679 617
3050 4305
6224 8719
9935 5976
1559 4347
2376 5476
1563 3565
2772 3728
496 6198
7182 5406
3746 2045
8023 1727
5489 3751
5900 8108
7332 3112
391 8389
3191 9967
7939 7687
7275 9386
8674 4382
3187 3633
9058 9498
2731 4561
8862 7141
3338 9398
4188 6229
7671 6137
7715 4437
2132 923
9913 6040
3554 8220
8118 6527
6420 8760
5481 9428
7711 6377
36 3808
1793 9106
7860 5256
7380 8020
1904 2917
515 9671
7382 8678
2604 3788
2764 4708
9175 3633
737 5638
7581 9583
925 6961
2661 7173
6953 3703
5465 2925
285 9375
39 7722
9662 5609
2315 3822
8767 9894
8765 8678
3345 5949
9069 457
2114 7740
6012 2269
6768 5755
7868 6818
86 3608
5300 9533
1999 72
8365 2510
4460 2278
3357 6925
5841 6404
5566 7007
149 1202
436 2788
5721 1375
9075 4688
498 8336
9106 1703
3768 2852
6129 8921
6922 2878
9549 5801
8073 4378
4811 3792
6965 465
154 3264
1544 4772
3379 1888
3597 2507
6281 9443
9468 8438
8078 391
8544 9761
6732 984
1416 8721
9646 5607
2609 8092
5897 6534
8503 181
5943 483
362 1827
1901 1392
7956 8657
6440 3840
8785 8724
9376 6602
2347 9975
4989 6710
7488 7201
1104 7493
4524 3252
8678 1207
7759 177
8860 129
8399 3496
452 1478
2240 5987
570 2974
9301 9563
7360 2797
2736 5616
7220 689
6818 7274
5116 2880
8831 3835
9457 3089
8995 7345
2487 1722
1218 3846
5781 2543
7104 3040
9982 3082
5166 504
21 4431
4278 2317
3059 9526
1876 3509
3082 9700
3654 3480
4469 154
1404 5176
1704 8890
7768 8994
6313 7601
5546 6881
5893 1693
936 525
5270 5654
5997 3853
6988 7955
7002 7006
3610 1944
5045 7417
769 8020
3680 4924
8098 5908
2907 4375
7193 6512
6496 485
9613 9376
3586 6404
1301 3902
8137 5623
2478 2247
8141 4043
77 8855
6576 1195
8145 160
8258 1551
2498 8971
8658 2121
761 6592
2962 3757
2223 5126
6723 5413
282 4599
544 2709
1132 6954
2601 2275
817 8056
8405 2693
3679 1590
623 7313
5574 6924
9019 8189
7438 4269
9954 8703
4446 9697
4065 5445
4624 2661
2978 6522
4600 5296
6159 6684
3899 7699
1619 5764
2145 2115
5795 6519
6262 2978
4282 690
113 7315
7619 6060
5704 5667
2396 2111
9258 4155
3802 141
7350 2708
267 8076
6393 3
4310 2974
3957 1583
6626 6002
3600 3819
7244 7077
657 6488
8064 6414
9129 157
7639 4230
9156 6501
1936 5823
6661 6347
8276 5885
5029 531
1221 9541
2247 1728
5504 856
6142 6906
5215 4213
4263 3693
6085 9293
3361 568
41 5885
7764 2253
5584 2865
58 5689
901 7720
7846 2481
5371 3215
5787 2688
3872 9444
5451 5267
8534 7444
2690 9063
9082 4432
4839 8820
4682 3818
5529 6165
3590 9593
8295 4496
2646 8118
2645 4701
3752 9980
3861 211
9901 671
3975 2819
7524 7004
4202 9499
8655 8694
7509 2720
872 3423
7062 2338
351 3214
5190 3478
4083 3371
513 7490
698 3954
2531 2695
8435 8159
5371 7544
2103 6899
9646 2903
2951 3911
30 7073
5952 5345
1880 6362
2970 5703
1122 4998
3306 8719
223 1628
2893 3190
9753 565
9878 1331
7220 6193
145 8204
3543 6473
5614 1935
7202 8944
1317 6615
7463 1538
9271 4134
1626 2331
329 2847
4456 8918
3506 864
6074 5060
7984 5648
6145 1209
4315 3908
2268 7584
7376 9226
4864 4007
4299 1243
1204 7131
3693 3101
5429 448
9568 8839
5408 5105
6703 2310
7565 6032
7623 6935
9346 5282
9205 2868
8851 3268
1975 987
8624 9110
363 8887
4932 5263
6441 952
993 549
9959 9923
9922 1276
8905 7428
5257 2623
3878 7380
5508 25
3603 509
6792 6546
1021 4432
6459 5376
1336 5156
1408 8247
6289 3366
4171 7830
1526 4904
2646 2527
9934 988
317 6272
1046 5593
7373 3998
5741 9866
4814 2824
9290 9876
3861 7999
6723 8015
5014 9768
3269 6465
957 2502
3333 1149
3722 9176
1550 5308
9268 1020
2251 5715
6402 6462
3852 4138
1066 7611
2574 5936
9251 7870
4385 4949
5955 4987
135 1677
2659 9790
6811 4093
5119 7061
3317 4477
3418 468
7991 6389
4323 5782
6348 4647
3505 3026
9756 9683
2882 8108
1926 7472
1684 7336
9979 2834
9636 4756
8558 4865
7176 5718
9760 3157
6246 6917
5018 2477
1535 1482
1521 2270
5340 7756
826 1006
5997 8391
858 3351
2623 351
1185 1256
9123 6372
162 3254
5686 8476
4982 6607
562 8976
9738 6727
9018 610
5545 7290
6217 9223
2716 2498
5893 7351
6310 8257
4579 7937
9987 4728
7773 8129
8224 785
7863 4961
1938 3523
2147 5787
4685 1073
7874 8710
250 3797
8470 4346
833 1270
350 4291
153 5884
4408 4955
8471 871
4639 3605
6483 7318
1889 5531
4056 4611
1597 5405
5420 1720
9642 2015
280 6715
5106 5754
2081 2515
2611 2255
1307 2043
9973 4745
1861 9700
1464 6683
3912 1409
3271 3716
7569 3937
5867 3635
1307 7232
5991 9574
360 6816
5369 6956
1875 1643
8156 2075
9848 9585
2910 9269
1607 4772
5869 8016
2725 7944
4804 5863
7936 562
741 1677
3 1269
4944 7061
9560 2022
4459 996
1301 3432
4791 3510
6932 3475
7758 4045
6059 6791
2652 4859
2017 1063
5531 5345
9767 6478
9419 7411
5593 2281
9253 8866
2454 2392
6007 2957
2276 6367
6879 7132
9264 9279
5237 9979
7860 3891
4505 6756
6791 6333
5487 8962
2524 7734
8626 8471
9456 3554
3066 1566
6814 6265
4457 1772
6763 9868
3168 3514
1217 9727
3850 8706
5842 8132
8835 1552
7629 4923
4235 4194
861 3956
2735 7179
4229 7703
1545 8054
8151 8654
4979 3277
2604 8934
8856 1731
9253 263
7148 5225
1957 9268
2305 5326
1875 1064
2296 5211
8503 8845
175 7555
5007 860
5979 4927
5416 7139
7271 6426
3591 9598
6373 2695
8398 8135
850 341
1662 5112
2797 1393
945 1075
9030 5704
7845 6087
3049 7241
9539 724
9375 4791
1865 9611
8470 2775
2256 7754
5965 5602
5504 7365
8577 1275
8666 4803
6275 6093
663 9329
746 3160
441 8934
3546 9992
4395 9423
8243 7507
3111 8611
9339 6173
6048 8342
5172 7253
8568 917
4854 9489
9686 5789
8362 2738
8473 2576
8217 3253
2002 8191
8842 4975
7380 8175
5405 3432
8482 4306
5009 6758
6494 1384
7542 7474
6027 3194
2728 253
5012 384
1465 8175
8725 3289
4224 9987
9995 9261
7492 9726
2621 7308
7362 8543
4995 5905
9827 9693
4429 7490
3876 5146
5135 7753
5886 4854
8070 4559
664 6997
5297 164
6510 2518
9295 7168
2663 6101
6516 2198
6506 8744
6863 691
559 351
3645 2161
8385 4868
2233 3703
552 6372
310 8373
76 1177
1009 5996
2805 8629
2093 3086
7262 5865
1156 2990
8018 6588
990 2438
1147 7314
9925 5449
7871 1733
8246 9732
4859 1301
6769 198
7861 1751
7073 2416
5995 2516
9770 7447
2458 905
2354 4475
6951 5085
6777 3563
5125 5838
9527 9773
5558 3457
2036 4697
2142 4919
1715 4281
1188 8801
8404 3520
126 492
3326 9106
7846 9716
8920 1093
7347 5447
1233 7067
6234 4278
7580 1230
1523 6719
5132 884
4286 1508
6356 5269
1904 8340
8454 2956
5275 7048
4956 447
6895 8571
9502 5095
917 8838
3358 3998
5200 1600
4551 7965
8358 9860
5906 2520
7273 8810
3737 5014
3232 8503
6061 9836
8301 2103
3410 7625
8321 5498
9958 680
6981 513
8032 2429
3291 3068
1191 9320
7620 1563
413 18
9591 4844
455 8803
9787 8307
6913 5514
8823 7679
2434 7900
9071 1378
1078 1063
2021 3147
4102 8065
4743 4641
1624 5801
3848 9959
8086 6285
8804 9378
8038 4905
6229 8026
9575 9816
7594 3153
3074 9766
8006 5624
8445 7923
7507 309
4673 7138
9135 16
8853 4353
7489 9014
7002 6072
2636 8966
2501 7946
6961 674
3956 391
9005 1498
2727 9529
4049 7062
3400 8904
9636 4524
6327 9371
1850 1409
3351 9693
9254 1353
7957 9683
5734 5020
8334 3734
7457 8892
7947 1586
3976 7391
2209 289
3245 5233
1037 9578
6653 5737
9631 8649
7239 4941
6471 5891
1355 6898
7530 6141
8357 9444
5108 1764
5890 7990
6899 5484
6891 8988
3592 5699
710 1407
3367 5656
1953 4328
7997 8919
2746 8282
6636 3665
5961 614
4557 2045
2671 5532
2410 2808
1643 7091
5331 5660
1703 2136
5196 976
310 7574
7465 1662
3908 4715
9352 156
3974 4159
8445 356
9465 4891
6852 9404
7084 9664
8110 3776
1054 9828
1957 4422
6989 4634
6159 8987
4379 7165
9309 3173
8174 8414
7222 8858
6419 1926
7473 535
4446 7693
731 4072
1198 9524
4499 8730
8429 6395
2433 420
4989 1882
2570 7143
1155 5970
9172 7307
473 2198
5361 6617
8616 3285
1922 6748
8921 2353
8107 5871
6990 310
5140 1525
9897 8524
7173 1489
2815 6273
885 8485
2975 38
3199 6621
4557 3932
188 6482
1069 6037
605 4385
6779 2758
7858 6019
1891 5206
1014 2673
4520 6260
4792 7317
6218 4947
8741 6298
8410 7457
5023 5252
879 428
881 8318
5546 5803
6043 6031
2947 7387
4808 1300
4306 6433
9059 6769
2543 9313
4238 4201
3973 4760
9258 5012
392 6995
825 3132
5818 1520
6897 3652
8143 5356
7546 9203
1106 462
746 9294
6723 7258
1191 3680
2284 3870
3709 7545
1459 3084
3817 9614
6766 6179
5125 4660
2264 7357
3420 9125
6009 430
7799 8815
5509 3083
1392 1897
3769 386
8200 2260
4608 8222
6877 320
7720 9278
8299 1926
8127 7089
2037 2918
4142 539
6821 1827
704 3079
2692 281
435 4253
4555 9425
2655 2388
2730 1692
8041 9528
7787 22
8679 2032
739 9952
9018 2497
7842 4063
815 9711
1772 3016
3948 9726
8399 8103
6539 8718
8797 1625
2247 4716
3624 9398
1261 2432
2100 4962
6586 6040
8643 3661
5896 4666
8759 345
2323 2146
9788 6266
730 5012
4249 847
3882 886
4276 8650
2697 9381
7594 9055
9817 2545
4163 5207
2862 9651
2513 3732
5613 6439
2683 6109
1010 7753
5137 9701
9332 7012
5281 7461
6161 6021
2112 7696
7382 7939
7447 8723
6656 9962
2368 5962
2563 3708
5883 5284
1449 7419
4933 8093
7558 9324
4625 4775
9150 9076
8349 8158
7628 4410
4373 7655
8492 2956
6939 4499
7474 311
3550 9606
8252 4307
7243 8546
7675 7462
9629 7248
6476 5219
6737 7627
6941 3098
6493 6649
6728 5882
2199 309
6122 4636
5743 2366
8344 8911
4840 1057
617 1782
2815 6330
2741 7550
8360 4269
7543 9558
3514 5586
2812 8679
7668 559
9197 5203
3730 4857
6568 4826
2558 4524
890 3348
1723 7395
1349 1832
3497 4853
2700 2232
9487 6950
9049 6526
6146 9606
3594 9926
2709 5161
7059 2173
895 7555
9975 854
5184 615
1444 887
8402 2009
1352 2514
7559 7217
9071 3976
4799 891
5164 1596
5192 248
796 267
7524 6858
4703 6777
6820 7730
6610 6079
5021 8361
375 3817
5635 6913
1513 2169
1906 6547
8869 5020
3775 3153
676 5011
9987 8751
4541 7690
2900 3832
2652 9852
4176 9458
4920 3090
9714 7008
691 2326
4343 3079
2821 2041
615 8367
1568 898
9626 9609
4184 5329
9307 5667
6440 2667
4126 1949
4661 7263
3873 9819
2078 9423
8493 6513
2192 2972
462 4262
6568 3775
9320 9492
2982 2281
3608 2809
3152 2659
2147 6020
813 2877
8792 7222
9690 3542
470 4925
2603 1080
8302 3972
4811 1077
5344 8174
9450 2293
2538 2197
7983 4543
9561 3106
9278 8085
4432 8498
326 3480
8543 1543
1401 4221
873 7014
3726 6835
7242 5126
8580 4064
4065 9885
5892 4001
9759 4803
8927 1799
3316 3554
8229 5831
274 5690
1441 6715
8506 976
6584 849
6999 7209
661 7252
7029 1650
6471 4344
8058 194
9825 3527
6890 1124
7443 3738
7384 3680
8242 7906
6940 2730
4646 5917
8389 481
2891 1946
1926 6914
985 6314
8385 4390
6774 6095
2477 4389
1026 6854
9096 1250
3273 942
5853 8282
2719 8462
5958 9351
4251 2841
1751 8994
3204 7558
91 9239
3010 7669
652 1324
2037 6190
7051 9883
6206 7677
3540 2118
6556 5480
1298 9804
4257 8406
1713 8005
6505 4012
9170 7201
6642 4709
66 8518
9263 3342
1024 5929
9071 6845
4616 8700
9427 8472
3205 7733
2806 4974
8603 9774
7246 7385
8076 9113
7149 3574
3263 9229
2375 1750
2707 8724
8450 8005
6274 162
1922 3503
2532 1433
7440 2535
9124 8633
5971 5273
3350 6808
8094 8543
192 3115
1498 3221
1203 1098
4929 7224
2572 8275
333 642
5055 1657
602 4555
4969 1156
2734 2734
1492 1206
3587 1657
1561 3352
8674 9496
8322 7438
6585 8858
8585 9074
4631 5739
6289 177
6394 4830
9388 8682
8559 280
6918 7239
2904 2492
4777 7859
5525 6473
2875 2139
8540 128
9428 9900
8913 9163
8588 8847
6960 6986
6775 2495
7266 1925
3366 105
6561 7802
8667 1713
5137 5053
1819 3711
1526 3025
3782 7750
1333 5100
7777 4027
8497 3683
6357 1052
170 8651
4883 3294
5037 884
8655 1712
590 1548
8486 7695
9581 2466
7557 3691
5077 1717
4238 4800
5572 6047
6618 5943
1680 1141
3114 9240
2052 1771
8117 8447
396 5946
9099 1003
5806 5901
2937 9944
5067 1659
1007 6576
2694 5632
928 4723
4555 6502
964 1456
8519 3188
2813 8848
7421 156
9530 10
3695 3096
4813 107
2968 7053
7158 7495
7578 6348
6918 2705
9619 6967
2751 1270
2400 4204
6042 6278
7517 4689
3645 3330
437 4357
9737 2646
6184 5264
3627 6416
9634 9496
258 627
6221 7946
1360 3325
9887 9103
9983 4581
1953 5513
6673 7705
5139 5348
7772 809
2699 4433
1293 9960
5751 6771
110 9140
254 2106
1296 7053
1568 5235
3500 4864
6754 8307
3436 2016
222 626
3910 4698
2435 8248
8396 8175
7186 4257
1244 1116
4704 6428
2862 7533
2181 5343
9587 9303
9774 3357
8476 3820
4616 7982
3008 423
8885 5148
1975 1524
45 8909
3226 3633
9871 7044
4696 423
4113 6455
3294 6807
636 3718
713 3439
8390 5902
1873 6270
6923 1648
5236 4395
5692 4074
1014 9217
6484 1139
3248 8927
3231 3113
3634 8407
7449 9916
1041 2723
1240 2070
8142 727
1432 2430
7774 8525
8456 8047
8763 7993
6144 8575
4332 9771
8126 3249
2571 229
4496 1908
7853 3696
363 6431
737 2813
1888 3754
4490 3809
1445 4385
8249 3564
3153 532
5388 1101
4775 5818
5174 4084
71 4990
1258 7652
6403 2914
1448 3676
3376 8813
9629 2288
7773 258
2171 568
5550 7020
