4322
695
511
953
507
122
928
962
537
211
473
806
965
368
415
592
631
888
663
281
425
73
592
303
34
222
36
437
307
445
924
231
946
436
820
835
527
256
723
235
731
681
890
834
957
430
289
29
881
254
196
112
316
897
873
169
100
161
30
279
618
88
520
351
53
437
169
848
790
190
592
599
784
193
845
420
579
831
463
166
786
278
468
519
87
658
584
561
302
196
839
914
313
635
882
900
140
216
769
496
203
340
261
954
427
792
54
476
866
597
141
395
97
136
557
482
724
221
795
704
676
946
850
791
592
615
405
82
992
451
68
792
512
753
187
697
934
632
323
394
293
533
589
452
888
248
242
468
685
747
244
390
435
861
843
638
386
982
50
293
429
188
697
414
375
87
90
161
815
56
458
583
717
269
976
145
368
871
259
160
435
268
224
874
151
886
714
885
589
215
510
101
175
857
996
433
339
635
390
234
594
793
710
214
357
832
846
876
954
535
949
134
302
453
91
141
399
252
53
587
394
672
887
536
737
190
814
197
962
723
94
598
510
885
787
483
338
978
94
317
733
91
867
279
488
123
94
630
829
276
435
45
387
779
363
420
178
253
371
47
680
148
612
842
949
246
778
883
172
395
759
267
951
160
315
264
623
107
443
828
554
984
140
314
99
149
601
968
181
936
416
50
62
741
520
895
483
266
719
811
195
98
116
610
391
144
648
534
154
780
378
823
443
557
46
997
662
880
286
291
734
797
965
694
635
698
979
256
68
261
42
139
44
795
631
374
154
26
69
622
163
369
539
57
725
274
302
360
118
739
182
412
654
514
783
288
76
853
457
779
794
969
952
174
971
155
745
19
762
654
859
918
392
327
190
938
952
414
927
804
981
962
417
42
145
692
642
181
939
430
677
318
706
552
576
476
385
491
531
94
169
537
632
586
524
770
692
374
186
183
489
581
974
366
527
913
583
18
811
784
501
806
925
66
664
384
633
239
769
998
394
484
78
623
18
485
810
767
318
284
765
966
721
603
958
726
709
420
518
148
985
602
189
854
500
504
445
954
270
248
376
590
80
158
321
308
795
329
282
730
544
884
283
935
964
113
969
321
396
184
766
75
457
155
794
508
811
371
95
432
824
821
513
21
633
402
810
115
313
749
971
348
639
245
320
926
934
546
143
336
115
266
969
175
89
492
987
743
426
488
334
595
329
922
931
996
852
632
951
994
877
54
256
459
323
485
55
569
791
444
875
338
970
258
324
622
742
463
308
820
226
465
791
686
480
417
246
743
139
803
60
771
902
684
416
226
541
159
457
620
611
520
153
444
842
720
582
691
272
335
881
877
554
205
507
137
483
887
390
317
211
482
493
343
669
76
935
66
944
947
539
177
93
694
485
276
92
343
360
32
502
563
333
892
778
654
155
366
671
515
778
363
95
479
999
960
712
290
501
789
124
350
979
232
763
846
654
839
934
300
732
221
315
678
207
800
117
306
908
513
463
963
316
755
467
867
914
327
597
871
907
197
104
735
163
211
232
240
595
627
168
575
68
823
677
106
869
477
888
765
907
669
809
375
309
87
100
942
993
840
988
850
932
586
702
88
552
394
89
539
310
873
886
871
254
304
105
826
606
477
883
706
746
165
413
85
955
660
916
369
662
170
998
660
47
725
108
578
720
614
475
141
830
796
630
421
303
193
460
528
243
249
580
586
767
453
713
704
890
287
747
621
153
553
292
761
172
994
295
781
828
242
571
678
859
269
256
632
646
792
121
132
523
664
880
188
945
670
522
66
291
107
286
593
744
44
470
640
740
300
282
405
633
551
435
104
99
237
222
892
809
68
972
142
897
138
304
643
20
461
270
670
594
880
355
682
965
733
776
805
30
576
572
792
711
182
717
754
779
913
288
886
776
197
123
84
927
99
740
187
957
250
797
22
463
275
46
264
887
918
987
329
561
191
51
598
401
443
420
914
139
301
259
267
987
141
698
39
884
38
419
401
454
497
22
896
753
459
21
664
823
176
475
71
356
84
335
221
301
691
816
300
159
284
26
244
893
748
404
801
391
64
408
875
823
159
432
808
914
459
234
239
550
716
68
404
610
163
747
769
586
148
235
147
950
203
143
396
77
202
198
457
533
468
650
459
279
751
406
521
956
789
394
330
201
145
367
587
441
130
679
512
203
359
556
869
355
418
544
925
626
590
783
487
49
183
180
319
842
636
105
270
503
189
177
274
302
19
863
837
950
787
985
67
474
160
716
735
23
145
879
284
134
597
399
973
759
853
145
948
40
645
171
970
104
943
676
914
938
943
328
775
300
338
334
971
985
264
136
190
427
166
273
929
533
27
349
339
788
871
700
91
602
704
499
194
951
671
546
384
740
82
297
402
565
728
746
33
135
363
406
426
645
995
996
740
384
37
982
541
165
464
243
181
107
339
845
387
525
934
713
805
265
90
146
625
520
648
577
465
154
709
648
876
599
214
406
990
187
116
101
642
521
679
559
269
265
206
673
402
53
840
814
903
629
680
565
70
445
565
71
457
693
319
124
361
385
307
614
723
562
27
733
338
910
350
864
185
389
268
648
505
698
791
172
79
533
329
510
354
232
889
721
436
902
309
289
450
419
346
750
113
324
810
579
780
560
934
648
329
945
179
756
661
733
477
792
272
419
329
124
970
154
600
62
584
169
32
185
944
241
905
188
485
841
725
699
381
19
168
296
327
220
275
429
982
199
374
237
428
171
20
207
426
225
324
707
896
551
725
94
864
55
417
974
634
467
795
543
429
57
188
127
736
494
562
310
121
838
978
876
703
525
490
454
802
461
697
914
343
797
293
661
916
599
87
200
732
939
709
516
336
55
442
918
680
837
230
390
720
184
580
759
263
872
90
216
951
904
540
625
83
205
669
499
33
851
367
925
470
209
369
788
751
598
198
379
367
532
823
79
292
437
444
715
688
825
811
281
154
95
490
101
169
400
170
621
499
984
23
459
755
207
985
367
189
813
323
259
852
746
730
665
806
122
939
122
362
906
389
38
781
329
752
179
959
776
366
233
468
596
472
457
217
825
83
327
126
906
735
899
398
63
625
964
38
845
843
640
79
909
235
143
487
976
348
437
837
624
667
94
116
710
90
251
185
552
121
958
681
902
628
867
673
716
36
720
336
913
484
589
825
325
751
574
658
816
677
23
724
186
859
668
668
294
311
557
871
789
893
262
288
406
199
27
399
107
225
375
840
102
231
881
743
291
808
857
258
510
420
75
703
433
104
361
454
278
366
285
242
900
233
447
300
663
711
862
865
227
978
544
191
486
872
720
836
702
816
75
945
208
348
346
789
450
664
33
750
145
567
513
39
43
345
893
428
781
921
507
717
1000
734
143
866
419
46
791
625
546
909
306
135
189
720
353
727
28
507
568
800
960
622
400
650
201
130
111
673
581
138
279
265
830
307
977
996
125
917
530
318
183
732
639
393
820
52
791
379
401
971
151
867
847
403
801
729
868
509
534
993
728
142
768
542
626
197
90
771
344
260
810
119
937
343
154
860
470
865
812
955
900
235
437
300
711
108
19
584
915
179
45
641
817
883
801
733
717
189
39
85
371
462
872
360
475
343
272
909
748
745
699
793
584
135
155
372
187
687
49
667
845
290
877
890
189
449
52
752
18
908
531
162
755
247
296
817
628
419
507
842
564
433
244
508
826
66
644
349
158
507
288
815
293
20
202
195
285
423
307
182
266
964
985
393
552
644
814
429
698
96
966
502
490
979
206
153
960
88
67
955
960
376
797
297
99
537
703
595
165
413
183
772
987
717
927
236
457
247
295
897
693
432
194
567
548
788
546
990
36
101
281
175
508
234
340
515
709
452
695
603
758
918
393
483
938
551
106
728
680
752
778
380
21
235
652
59
77
506
476
602
398
215
315
226
27
894
173
978
544
26
775
516
128
705
280
897
165
169
46
50
923
489
139
784
377
177
138
715
87
30
737
540
479
668
501
33
391
93
929
412
208
587
395
833
176
899
689
837
400
857
104
360
155
770
720
544
387
399
500
704
601
818
272
497
783
220
617
709
297
779
530
371
914
618
174
753
287
394
773
332
79
891
238
457
126
348
87
402
327
854
23
276
902
74
630
209
746
460
41
180
133
935
345
386
237
23
288
91
230
973
119
504
576
528
246
272
147
293
503
448
797
148
786
246
229
614
996
864
733
424
468
201
681
361
429
663
202
808
63
991
598
525
583
230
669
623
385
609
111
686
309
477
969
957
815
57
905
699
124
310
851
112
785
294
815
878
102
284
192
869
765
292
409
946
325
662
209
506
505
718
624
642
954
670
914
116
596
172
847
62
617
195
771
269
983
544
187
946
660
712
483
74
627
312
937
261
69
246
265
137
997
408
226
466
692
435
490
922
836
215
964
477
371
183
673
708
802
548
744
132
447
803
405
582
963
716
842
791
254
845
814
806
831
303
31
225
562
853
274
632
483
596
495
369
686
985
986
657
583
984
277
655
224
480
676
256
837
725
106
953
466
555
609
891
534
223
650
211
259
294
410
856
828
718
639
751
934
508
492
676
474
593
888
413
43
436
560
189
292
177
741
457
311
200
294
538
21
335
511
863
226
525
76
752
269
853
276
250
639
912
913
304
275
165
331
668
437
620
152
491
799
327
163
632
110
260
694
223
946
652
854
316
212
565
437
815
462
289
322
20
854
145
823
510
601
808
877
289
447
88
817
717
970
296
261
119
729
757
568
714
180
467
137
771
932
316
273
212
706
459
913
668
656
635
834
966
254
937
525
770
78
192
150
816
926
614
463
605
528
756
920
710
378
846
589
739
724
636
711
823
364
134
625
552
823
48
263
673
564
254
345
170
103
470
255
329
566
586
722
643
59
527
903
25
716
212
97
152
759
340
554
681
219
832
362
997
742
862
365
462
445
84
740
268
799
842
895
755
30
176
841
892
532
818
613
777
562
548
609
860
973
438
737
423
459
19
308
389
84
550
407
777
398
268
561
458
797
668
222
396
940
195
99
249
936
732
358
519
670
933
65
548
833
558
361
885
663
183
672
179
905
803
141
916
310
447
906
392
147
46
774
547
842
977
425
612
564
612
101
168
669
258
212
245
98
247
28
734
370
692
898
585
218
448
276
333
770
586
140
861
783
425
516
728
330
21
392
754
398
773
538
112
744
610
604
779
234
889
773
626
993
94
403
532
49
872
729
554
579
109
521
317
515
75
678
714
665
272
643
394
681
127
569
255
432
598
302
322
479
242
503
509
604
481
778
506
91
134
367
135
316
506
26
857
997
719
939
436
183
641
322
791
313
476
817
465
766
94
759
805
723
275
800
18
854
884
611
248
744
177
670
920
626
197
411
154
308
95
810
32
408
813
809
349
945
233
283
233
66
390
930
288
131
663
500
963
209
435
726
944
561
232
499
689
51
805
454
744
134
422
224
235
603
199
48
28
889
677
561
162
268
983
491
754
108
400
485
121
290
810
456
238
896
486
821
58
21
697
149
751
34
805
155
453
542
571
987
743
595
606
278
643
474
769
822
28
226
625
813
576
704
859
803
928
671
953
712
720
823
186
680
372
75
48
292
769
646
774
770
493
46
858
346
678
937
280
616
611
443
371
813
86
329
72
219
287
818
627
326
569
315
422
124
772
95
717
218
890
446
731
453
302
39
36
953
659
451
554
646
614
872
328
931
608
999
608
473
25
163
891
578
716
431
322
264
48
653
822
538
200
429
917
907
122
406
307
762
427
365
429
44
457
238
166
575
435
275
456
724
839
290
588
499
522
800
781
201
871
821
857
640
714
375
725
205
467
449
187
715
454
915
35
551
760
743
956
499
553
970
309
799
41
701
806
875
440
991
390
202
17
176
137
225
988
42
963
607
267
265
74
478
273
984
173
251
310
736
660
903
370
701
589
406
755
167
457
382
816
908
933
611
29
449
178
193
147
976
287
836
404
792
799
377
534
806
598
870
491
157
311
309
747
177
977
798
772
215
419
891
543
266
577
871
569
995
272
220
135
985
23
30
378
793
382
674
528
743
27
564
278
647
127
607
36
633
348
996
838
899
986
893
703
644
950
811
759
704
569
628
910
618
977
986
550
50
983
886
174
855
630
226
248
548
648
369
146
66
274
406
26
146
489
271
893
87
155
671
630
635
719
708
388
241
317
135
610
945
682
663
653
641
401
334
388
484
813
229
537
295
52
304
205
712
670
886
680
591
456
346
557
585
760
945
381
111
427
994
117
670
244
817
524
622
466
916
356
515
274
637
194
213
152
843
817
622
378
641
267
533
168
621
231
77
875
685
225
889
292
785
832
348
603
45
948
602
112
445
742
376
251
437
739
493
761
243
966
245
739
789
904
220
231
262
793
896
450
46
617
211
359
927
510
915
236
549
105
105
867
44
75
472
768
779
961
291
925
661
569
357
803
716
833
663
597
969
193
725
359
941
384
610
319
355
692
232
879
468
586
719
863
147
372
665
270
163
883
469
771
455
222
492
381
915
935
427
19
726
903
794
903
479
326
83
910
371
463
948
716
473
779
858
400
832
456
205
779
858
45
975
382
611
276
516
264
835
450
366
987
105
1000
667
521
556
477
518
616
38
938
655
284
110
735
351
429
987
572
811
288
270
980
375
782
991
441
695
180
80
836
296
782
380
489
421
968
124
624
65
21
302
570
870
593
305
896
563
850
142
755
753
443
171
36
827
860
966
449
809
577
392
922
579
828
288
111
416
752
710
185
990
185
676
809
19
483
560
994
807
813
783
820
707
224
394
977
337
422
422
272
626
232
587
518
548
283
679
523
315
220
238
499
733
212
651
984
839
781
533
180
106
37
674
688
564
363
180
760
505
613
841
840
113
834
124
719
346
731
947
720
647
441
422
76
172
485
430
133
605
638
328
831
207
414
676
885
892
516
499
677
366
195
243
214
341
119
469
565
864
130
744
810
666
529
408
442
250
660
390
758
418
907
320
984
152
969
829
764
472
794
346
589
714
359
25
117
463
545
606
727
928
272
200
578
934
228
163
420
642
877
671
799
28
130
320
132
450
50
162
762
876
38
922
429
459
167
28
543
895
908
941
883
253
199
869
848
31
911
96
155
69
619
378
521
439
653
47
656
278
979
639
158
155
452
359
53
545
182
785
90
925
204
80
212
185
190
805
648
941
827
902
732
253
897
275
400
667
407
267
276
957
234
689
79
178
550
377
735
705
855
229
635
430
931
316
918
258
397
353
768
270
416
377
305
966
752
343
567
822
875
257
256
575
245
341
531
349
1000
259
651
301
637
711
414
491
218
714
871
322
687
378
706
479
784
410
303
468
54
365
172
606
382
105
879
886
560
241
549
924
604
746
868
707
17
507
809
364
846
821
76
122
190
24
300
812
465
481
645
879
914
69
874
397
419
462
724
298
224
231
567
288
636
932
276
317
392
669
118
892
950
227
879
172
48
940
787
812
456
966
883
279
340
798
77
944
991
323
552
127
271
223
532
896
363
68
266
961
304
31
37
606
904
727
748
70
830
813
471
966
413
143
996
747
157
965
571
209
59
324
403
504
623
748
206
229
269
894
690
472
393
633
158
592
603
518
617
397
448
675
637
956
120
418
762
829
63
496
863
655
33
994
517
835
248
879
541
240
574
205
55
421
136
757
161
427
166
429
467
1000
946
438
123
305
776
999
884
440
702
700
119
232
694
591
640
186
394
972
293
758
544
399
457
44
47
461
653
44
220
668
860
630
782
606
659
581
166
876
601
996
51
389
669
461
37
489
194
918
699
108
185
700
372
833
751
886
614
928
188
595
144
469
26
493
618
363
997
108
632
95
519
964
172
585
909
343
680
352
992
679
280
631
503
540
711
806
283
883
802
117
593
156
363
989
68
505
734
387
56
467
342
852
833
992
728
988
352
268
263
388
878
109
219
123
747
701
484
235
625
664
649
285
691
682
875
301
536
93
963
801
196
129
560
65
888
196
107
100
254
474
849
578
665
973
52
396
447
921
662
310
200
980
665
694
866
415
737
317
281
29
508
505
355
285
72
363
989
118
287
503
742
931
258
391
21
722
751
85
103
468
703
835
210
624
294
890
472
712
464
475
474
130
1000
194
674
19
238
320
902
326
951
633
971
657
199
527
288
506
555
928
574
144
143
656
689
496
56
150
77
229
231
777
205
440
468
367
644
99
438
415
765
953
605
887
935
750
237
421
152
24
453
624
206
837
313
724
740
926
144
863
733
264
22
636
607
945
737
828
527
945
69
391
886
524
374
965
98
767
931
697
428
290
191
618
152
170
722
553
826
502
704
482
415
401
663
55
878
759
933
474
508
456
55
592
349
804
641
735
72
620
247
899
954
26
282
253
854
891
403
231
85
689
688
540
90
538
549
108
439
217
484
593
1000
118
655
660
342
566
115
774
882
361
976
442
190
75
233
238
229
600
113
726
113
456
33
445
808
508
238
315
426
39
366
874
453
386
610
392
560
695
412
63
731
187
363
769
31
263
928
976
608
116
721
26
94
672
166
933
904
339
806
531
975
858
274
973
831
955
597
325
402
389
865
374
811
791
819
85
791
334
700
659
640
521
981
295
999
282
388
862
381
999
365
71
522
650
509
502
999
173
654
569
476
333
226
256
319
244
723
95
476
155
479
526
148
373
510
68
473
990
207
485
857
103
599
845
149
884
840
996
599
445
117
957
438
352
509
799
636
442
392
292
749
900
421
344
268
620
235
263
468
712
305
813
534
916
340
927
454
458
524
536
482
744
193
348
881
568
903
607
871
650
536
108
346
730
465
283
289
692
73
331
604
230
954
579
437
504
537
592
339
963
916
364
296
41
247
91
724
338
601
350
112
271
749
395
269
344
947
243
585
494
205
869
342
125
921
431
547
61
165
574
154
986
819
212
79
633
635
529
179
288
560
978
185
319
811
977
161
992
779
527
397
92
763
103
35
435
480
157
190
357
916
279
141
752
92
999
715
632
909
591
283
917
470
316
285
571
383
384
472
235
518
988
210
97
662
201
808
441
21
616
627
889
561
504
492
577
396
874
100
743
643
539
249
962
349
222
860
44
191
857
209
620
964
577
962
874
127
848
855
453
116
941
294
874
688
670
24
178
667
211
165
557
587
465
551
251
974
834
423
926
815
799
400
83
413
712
637
736
345
462
295
441
477
141
287
325
252
704
810
685
448
882
875
635
176
414
780
170
621
882
547
338
714
832
888
405
521
672
303
253
182
250
409
883
280
199
782
851
806
892
936
669
983
129
319
786
292
815
206
694
21
127
60
652
812
787
499
402
298
826
350
225
769
314
309
24
111
540
615
863
79
992
212
861
968
210
737
141
927
943
603
244
119
731
638
541
113
672
811
856
381
657
493
336
388
466
791
165
415
411
592
989
260
288
559
412
786
85
987
753
376
820
39
694
692
743
793
521
269
344
314
666
676
516
851
704
713
528
947
25
94
24
798
953
666
570
814
148
526
810
839
929
718
749
403
546
411
883
577
889
347
652
778
351
90
229
730
163
789
187
898
837
691
706
545
379
552
781
1000
832
617
235
121
901
857
666
352
133
137
700
303
379
645
367
418
832
345
50
491
745
715
748
668
245
691
566
163
197
921
310
468
548
398
276
832
777
566
201
463
767
400
808
820
603
328
813
499
811
641
180
403
731
429
123
963
249
459
427
298
606
509
814
794
153
464
163
936
228
441
66
572
27
711
70
224
587
71
258
816
812
209
705
507
150
455
419
157
269
39
292
509
204
954
402
107
884
317
277
563
444
343
400
826
277
