3114
88
34
907
473
442
491
633
204
92
178
834
484
501
220
599
852
762
945
828
279
574
197
235
756
444
108
328
881
178
806
625
834
421
612
302
634
802
576
207
428
546
521
122
181
616
135
581
310
423
407
220
905
503
363
757
764
440
671
893
588
334
836
335
628
761
913
175
248
863
669
948
689
217
68
328
211
351
636
271
410
877
483
254
448
654
498
775
418
543
578
624
17
315
849
416
135
584
758
952
376
87
436
712
439
748
270
754
423
484
98
522
125
293
776
804
708
302
481
643
864
434
294
882
661
175
581
351
32
638
713
781
179
29
661
461
205
458
775
252
377
685
334
771
843
418
354
903
216
26
479
441
677
803
834
703
750
560
129
813
21
209
133
826
562
722
942
66
369
405
34
159
480
509
133
557
701
430
755
700
629
950
32
790
927
538
115
774
545
47
295
56
848
189
449
263
31
709
915
920
422
760
672
263
611
104
468
77
591
783
346
292
843
699
504
485
830
312
799
347
444
786
186
581
266
478
932
207
124
444
473
374
684
36
104
253
390
116
489
570
524
209
189
804
34
625
497
501
454
405
201
893
158
451
932
382
590
35
847
780
521
49
294
429
440
90
348
650
180
262
633
690
849
72
934
708
631
333
444
372
461
664
766
629
243
419
74
235
757
210
696
296
238
113
582
55
384
867
119
687
329
792
564
874
688
354
828
926
869
223
574
721
131
287
868
637
696
643
520
927
653
574
130
880
898
323
291
466
189
590
803
152
702
573
553
379
865
672
221
131
688
585
203
743
636
421
583
518
494
356
295
796
574
345
209
685
805
319
632
156
751
809
515
940
734
838
869
772
175
453
199
678
470
876
771
437
951
727
810
145
473
783
814
105
252
43
461
734
865
729
777
641
178
342
789
781
730
810
513
822
21
177
337
749
251
829
847
446
136
561
132
598
854
790
129
899
60
296
713
208
162
192
933
269
147
77
605
438
506
319
941
835
111
17
744
349
441
726
116
952
924
651
479
898
607
424
402
457
812
560
180
854
823
153
848
316
52
291
711
379
283
869
491
221
67
98
536
902
664
433
126
428
297
677
692
439
248
118
853
386
38
531
706
702
947
455
357
777
303
556
688
933
469
395
639
842
526
633
888
228
782
462
507
118
404
365
374
440
41
646
399
734
51
152
33
682
249
186
760
866
456
831
661
676
801
300
507
627
894
38
732
232
255
732
610
300
365
706
467
514
600
627
74
940
437
341
881
735
573
724
99
365
224
512
431
664
27
167
471
308
583
466
193
537
249
231
722
36
543
819
524
862
578
712
404
481
876
856
798
305
288
219
301
881
886
780
458
911
99
140
51
710
526
598
303
697
442
779
283
324
634
171
223
835
198
357
81
683
29
127
799
346
599
179
813
791
423
789
862
401
151
256
785
195
864
78
952
390
799
518
140
907
36
802
205
647
414
494
75
246
640
194
826
815
477
163
519
39
926
264
818
381
759
389
685
75
679
517
123
584
190
321
99
788
917
328
184
583
679
587
768
878
912
685
774
571
443
275
894
239
737
556
441
346
851
467
887
123
327
869
743
764
204
266
786
183
817
508
482
359
17
107
866
153
53
205
279
304
71
223
497
749
343
357
231
627
947
915
761
364
356
754
361
730
567
258
483
481
822
890
806
740
334
807
375
285
456
864
75
829
599
687
180
426
730
412
592
350
162
100
481
457
117
113
20
440
190
73
716
615
319
171
495
153
135
320
83
277
170
328
927
171
348
426
109
45
238
104
166
858
386
865
801
716
875
502
546
704
424
423
751
446
801
116
580
416
660
485
868
307
743
950
562
571
99
139
438
190
74
690
226
218
203
420
399
603
592
917
702
396
435
493
376
275
906
609
289
18
685
640
773
301
686
457
64
140
82
161
156
787
518
890
138
662
609
589
100
928
109
531
157
117
315
17
951
89
439
26
224
609
242
574
747
381
226
32
19
511
137
580
553
844
162
456
602
829
902
954
681
76
716
730
97
109
523
361
597
260
469
672
695
238
935
849
304
110
266
637
322
733
718
506
164
565
512
791
658
555
498
548
203
764
294
532
480
641
579
946
576
162
912
122
125
801
790
462
520
874
871
54
207
883
626
606
780
743
624
134
72
507
752
693
919
544
117
515
575
845
719
150
447
407
537
386
316
44
580
919
172
553
518
792
269
594
52
669
805
92
391
864
54
484
646
929
626
364
289
336
121
513
217
295
874
96
585
772
381
551
255
482
717
745
218
644
107
83
737
370
650
292
192
724
680
410
553
551
68
191
319
405
338
331
543
572
70
897
813
575
378
762
169
387
895
565
419
607
818
664
911
289
763
412
318
180
135
29
380
417
66
22
675
720
358
176
195
709
38
198
327
396
140
336
298
259
35
670
442
600
100
882
50
562
702
929
641
503
304
283
807
144
809
110
566
420
532
156
382
410
352
569
689
618
165
86
323
691
326
892
743
356
730
578
650
820
927
511
755
655
798
897
399
406
474
685
318
873
38
269
944
774
914
903
139
242
856
494
263
443
858
212
689
547
401
948
327
930
469
480
812
317
62
124
859
883
346
273
97
347
528
454
95
915
438
252
456
655
528
697
842
477
389
703
353
567
479
480
34
458
123
290
527
524
320
94
748
730
226
270
117
81
170
179
181
815
903
581
121
492
347
611
694
744
802
652
297
449
421
53
661
818
560
200
459
589
105
749
945
161
561
542
66
37
761
740
691
493
874
438
613
880
743
937
918
952
403
41
685
113
254
122
94
483
357
328
262
162
504
370
514
214
727
235
96
280
641
327
883
463
34
61
690
543
645
476
382
477
546
408
157
136
809
586
246
207
290
262
457
889
823
719
56
398
767
131
662
231
776
902
457
294
583
376
732
131
812
39
600
117
39
368
300
581
621
209
753
298
280
128
221
889
814
377
874
648
926
22
470
79
26
494
892
595
488
901
275
934
943
214
61
233
697
204
936
240
56
657
136
191
704
157
549
730
835
760
129
618
807
942
73
722
222
473
38
128
676
359
352
885
732
691
887
626
676
772
317
439
620
738
468
742
576
931
655
448
956
442
254
587
158
81
66
573
896
831
749
334
340
382
404
822
768
429
493
752
581
825
535
388
748
430
292
845
146
531
397
420
622
567
496
625
717
610
709
176
132
611
146
717
948
82
914
884
628
611
698
305
420
511
637
277
175
271
297
801
621
48
613
560
295
546
910
301
517
192
848
568
253
344
230
49
26
916
797
277
605
786
337
261
27
256
624
153
533
350
516
795
122
897
260
616
787
474
383
835
324
823
223
641
74
324
851
930
901
195
233
585
661
447
240
953
734
898
822
124
169
123
504
614
941
656
787
281
656
403
621
813
894
124
459
512
638
103
78
784
854
202
242
181
811
329
161
630
465
565
659
325
75
776
655
91
68
101
673
808
863
459
689
799
914
405
667
44
592
455
360
874
219
916
586
28
19
532
621
160
630
576
744
629
575
195
484
761
239
225
765
589
189
760
90
947
325
60
166
508
30
282
708
922
665
333
881
151
758
761
939
678
121
283
590
60
362
400
923
436
79
424
254
619
308
386
647
882
908
213
649
279
372
337
789
657
41
698
687
507
592
200
496
243
612
771
507
150
411
741
935
902
459
840
307
585
442
437
943
900
539
329
640
641
602
398
60
597
630
840
111
41
444
258
77
143
154
594
425
793
909
63
814
343
247
915
567
371
681
834
950
131
284
209
201
321
879
901
401
115
511
742
434
719
207
874
345
780
810
90
782
827
867
705
728
101
113
99
817
788
235
73
103
127
634
838
63
63
120
707
230
904
162
859
166
280
594
934
729
171
293
636
725
773
635
696
514
564
319
750
613
776
177
632
264
330
774
131
45
767
917
771
922
414
366
353
891
555
939
442
522
691
22
263
676
443
498
58
909
705
508
432
341
906
431
733
806
770
115
462
271
444
808
735
821
668
442
103
122
203
464
689
553
923
464
391
24
232
329
932
905
161
277
747
252
71
618
99
899
703
303
170
861
218
562
905
690
385
822
260
407
819
631
559
84
803
208
52
711
610
383
739
836
942
536
113
515
314
219
372
209
287
916
883
493
764
337
456
520
889
803
136
417
749
98
132
916
911
349
669
661
29
930
513
798
662
562
932
58
547
101
279
141
453
534
124
444
500
329
314
546
825
842
51
514
271
359
321
758
929
330
748
597
149
352
235
188
862
369
444
26
861
31
882
925
182
600
297
531
556
809
125
86
675
757
705
562
215
369
326
106
927
719
924
444
45
392
172
456
377
24
850
637
855
34
208
643
932
287
517
82
116
162
941
617
70
860
534
260
676
505
154
689
568
867
655
637
261
150
723
556
252
723
120
409
65
214
644
353
616
411
258
277
23
200
219
433
116
100
473
326
290
864
93
767
385
750
279
308
445
924
352
932
397
509
608
100
362
132
354
857
27
679
175
928
595
223
854
662
239
44
107
692
695
232
359
758
29
884
384
787
218
699
428
522
140
823
473
914
719
27
827
372
396
831
577
239
577
871
855
793
270
110
126
144
488
323
331
356
816
875
202
446
622
165
405
750
912
562
342
856
479
345
539
372
871
868
129
428
262
196
795
80
335
755
366
676
692
777
774
680
345
363
898
155
558
258
328
133
142
864
656
210
633
191
342
43
673
27
783
167
826
43
107
118
175
301
514
371
876
849
782
593
810
506
879
470
481
206
293
78
557
746
365
889
521
203
427
641
719
869
305
674
550
634
232
142
492
270
68
21
349
150
863
692
400
468
524
275
644
780
686
127
946
510
755
334
389
199
941
42
459
696
166
858
38
487
393
430
408
597
502
779
647
63
54
270
557
565
882
280
315
481
295
280
134
155
834
600
802
825
908
252
696
392
355
344
910
896
612
534
210
517
341
254
488
792
387
843
185
288
447
882
665
572
560
117
884
161
58
19
285
719
504
563
577
498
771
261
592
212
645
410
746
168
311
430
840
131
835
508
656
490
596
373
617
570
618
82
261
281
304
587
217
713
750
374
46
311
278
172
639
744
642
64
420
40
732
613
453
683
75
457
827
33
205
297
385
341
29
842
136
457
108
884
164
580
326
902
512
291
880
840
410
805
557
904
569
472
184
816
787
643
276
241
242
35
578
33
222
330
99
208
233
825
542
170
720
86
783
681
462
473
811
275
865
45
171
691
361
382
69
293
107
577
664
759
300
817
79
58
515
328
908
471
651
741
133
164
205
794
755
669
616
902
299
687
886
875
541
312
359
224
844
290
740
466
570
872
632
530
282
831
166
402
581
276
636
505
247
724
73
289
932
152
430
837
642
762
336
109
693
105
695
72
194
620
152
616
845
619
116
297
290
795
520
24
637
256
853
426
134
628
518
436
621
653
129
550
628
317
585
472
165
599
255
18
233
877
667
734
513
846
356
141
328
645
248
595
676
764
934
716
861
249
690
600
923
705
84
607
761
88
681
924
635
514
137
877
288
356
578
855
817
531
573
930
679
387
404
99
236
64
71
167
924
111
587
140
368
423
153
272
752
808
858
643
745
583
335
81
615
266
144
759
548
570
943
517
691
136
659
727
580
590
803
167
893
740
316
511
501
804
164
510
629
548
501
503
188
111
335
250
724
566
751
955
499
211
753
58
573
136
739
558
313
338
702
751
191
372
746
208
786
814
940
663
512
542
435
372
662
905
46
335
895
243
870
216
489
908
654
258
523
839
477
170
896
656
840
314
124
453
413
608
151
155
834
923
212
352
595
911
864
940
310
237
413
507
541
928
385
524
640
113
709
942
916
342
924
847
191
40
709
398
911
799
427
226
524
821
250
953
639
49
151
313
626
489
773
776
890
220
416
264
407
535
58
188
932
807
570
916
946
752
415
838
812
335
628
871
313
580
178
323
31
576
468
373
843
936
249
618
97
515
474
686
543
741
615
488
308
510
933
545
441
146
783
290
711
777
938
168
890
744
866
395
514
222
351
89
420
873
236
302
732
17
721
66
203
914
761
900
773
681
462
44
234
853
727
661
655
858
799
821
36
316
631
213
618
51
136
475
697
143
946
614
548
41
362
549
79
677
171
154
75
860
200
367
719
575
320
570
893
847
849
488
438
326
812
847
675
543
384
47
20
182
535
526
632
755
387
830
329
43
386
500
137
286
303
539
319
588
157
392
640
927
835
38
715
527
333
441
948
467
357
513
641
101
260
194
280
286
368
811
891
71
539
762
545
323
623
407
123
478
467
576
96
616
714
578
215
806
314
405
245
400
160
392
545
461
282
698
439
240
835
735
297
148
356
696
935
924
201
602
686
281
671
168
848
659
329
720
94
730
508
384
513
790
86
162
504
761
767
186
929
918
955
793
349
843
108
334
534
244
695
410
467
216
879
390
642
680
377
136
659
670
48
367
713
43
308
392
193
387
245
227
49
501
304
47
208
816
472
570
575
150
412
768
479
928
748
617
83
120
214
168
687
497
535
18
42
267
563
304
857
367
439
827
398
725
142
65
117
579
432
687
886
74
71
421
596
666
681
323
410
719
949
867
738
651
137
223
512
686
48
359
76
223
128
651
293
743
426
268
131
297
153
165
823
295
543
668
518
556
463
33
364
532
166
829
151
387
745
517
475
103
748
457
688
491
736
588
569
563
666
900
567
758
208
725
313
540
812
643
678
789
719
605
298
692
153
697
273
167
776
230
467
543
249
344
45
475
123
406
429
811
768
602
935
418
104
273
345
486
335
862
734
533
882
759
811
956
356
945
917
24
309
449
783
173
825
928
723
266
117
448
813
333
67
43
48
919
766
871
923
443
157
303
352
294
656
305
509
948
678
88
364
953
286
912
482
64
923
31
34
19
953
769
447
128
794
886
228
683
197
783
205
220
695
476
214
883
56
728
216
227
443
212
939
44
276
756
568
474
331
546
189
34
18
744
464
707
338
548
828
577
350
334
785
59
811
643
411
33
885
474
172
588
238
351
391
375
938
121
663
779
255
650
635
397
885
124
356
854
942
101
909
304
783
832
848
540
889
695
591
427
619
174
854
365
