411
861
210
318
415
172
567
877
326
482
170
116
204
701
327
510
29
626
685
243
828
926
932
487
850
437
158
865
667
784
977
732
305
455
68
571
362
272
165
613
324
428
893
515
784
844
925
286
246
90
572
792
806
758
937
42
171
801
825
544
955
75
719
279
316
213
744
301
782
325
93
370
451
786
95
737
596
932
44
22
154
439
440
511
320
31
129
800
489
813
363
269
191
627
472
880
202
89
400
796
826
827
973
811
969
631
26
135
894
587
952
338
184
791
493
847
364
187
450
579
92
349
602
296
600
895
791
47
682
300
836
658
92
104
721
517
822
828
273
842
512
471
524
44
714
423
54
860
369
938
104
546
256
459
549
203
481
793
151
783
969
940
134
759
673
923
847
635
728
715
609
650
537
748
235
340
597
614
847
481
488
535
423
346
452
907
703
732
579
196
721
178
402
662
389
572
857
84
832
838
647
956
254
602
450
225
576
355
823
252
834
681
460
842
709
290
359
370
563
778
772
808
538
429
897
861
382
295
868
479
134
633
389
104
437
349
325
573
44
145
296
372
469
967
925
322
369
666
989
704
467
210
73
568
238
232
479
39
364
223
231
332
206
284
640
762
959
253
844
609
216
626
476
898
864
211
356
462
684
476
388
865
546
791
127
355
925
686
45
157
985
447
170
992
671
585
432
232
914
241
720
738
630
934
817
570
290
990
853
487
928
703
148
203
571
443
28
87
207
899
62
130
438
991
832
993
42
553
356
244
656
371
22
771
923
379
915
724
444
689
651
242
154
510
653
794
99
231
200
89
615
313
759
94
669
542
554
723
493
791
558
411
211
339
710
436
331
376
80
233
136
542
861
487
985
247
992
262
672
654
249
926
149
126
455
786
796
995
620
622
478
656
710
612
197
455
853
190
927
924
158
811
621
622
608
129
672
580
242
503
312
482
