4684
422
118
805
856
698
802
521
566
225
523
295
92
470
545
963
655
773
833
573
617
197
492
308
282
823
834
140
537
871
10
303
457
87
513
773
688
439
947
49
777
240
474
268
290
553
269
496
826
40
670
279
850
240
831
900
66
151
409
857
733
825
31
10
35
772
21
399
909
92
750
10
389
925
338
641
150
477
561
627
205
617
449
33
125
436
889
619
315
472
617
307
979
672
854
960
360
891
142
142
572
96
372
676
418
616
338
698
944
557
404
209
371
176
526
706
956
205
373
827
823
675
579
900
358
860
529
501
777
858
402
595
668
977
910
524
319
820
107
687
136
853
558
856
199
264
535
545
563
474
673
378
38
33
195
394
743
181
814
140
424
217
697
376
976
558
882
611
591
503
90
96
235
736
994
798
692
486
539
843
197
885
448
33
301
303
797
754
954
222
590
884
122
538
129
351
500
450
283
614
458
70
50
579
226
741
867
245
246
775
132
806
308
486
192
261
50
203
278
69
87
691
301
239
730
707
860
726
95
302
606
21
826
164
518
616
66
321
86
119
715
249
550
244
163
383
667
226
399
270
398
509
810
692
732
146
667
659
264
936
200
872
881
738
962
875
295
789
808
807
435
69
121
687
555
797
429
896
239
537
900
394
873
694
570
676
60
52
785
366
249
208
522
931
399
426
649
212
917
652
413
1000
343
615
510
18
632
769
615
579
720
34
615
351
488
640
286
71
318
753
713
126
965
469
29
943
926
222
148
636
105
332
799
843
802
471
844
641
655
631
70
945
861
643
579
127
594
179
600
661
861
390
946
710
798
864
244
41
578
660
848
17
255
644
422
679
141
718
350
672
953
410
368
470
575
178
25
696
206
185
618
151
199
424
625
453
124
652
593
657
333
909
35
114
904
849
918
148
630
844
568
577
512
328
45
852
218
225
87
506
46
154
658
472
307
779
745
166
558
15
46
303
750
275
674
787
79
185
622
311
548
514
400
161
478
847
951
843
393
544
12
812
684
488
277
86
269
892
694
304
758
14
267
823
67
485
874
193
777
349
441
699
544
226
717
395
826
310
308
185
908
966
932
870
396
36
156
886
810
787
521
371
145
812
243
304
550
275
656
44
738
53
461
486
883
608
30
340
243
19
869
326
676
749
907
997
62
930
922
894
378
53
745
111
63
667
22
455
63
169
920
712
803
803
343
978
286
418
505
250
507
768
139
383
578
749
515
81
977
352
14
620
145
992
410
945
811
386
536
78
583
198
316
821
977
16
217
710
96
793
291
620
476
995
22
551
233
859
460
661
436
319
579
747
67
106
665
456
695
730
500
700
280
122
959
253
510
805
548
275
677
356
323
656
43
563
133
39
873
771
617
542
464
198
304
255
936
220
309
44
33
862
549
36
939
358
544
313
458
769
993
515
179
31
315
263
411
357
88
312
340
1000
211
715
623
989
196
61
384
449
291
384
427
204
498
176
141
972
618
599
148
395
493
927
85
278
954
828
815
21
459
764
569
905
408
13
228
475
285
715
557
632
713
16
336
517
878
115
524
760
728
625
62
662
94
89
25
93
423
257
589
650
954
302
902
999
736
816
893
137
110
982
801
771
975
368
207
395
53
995
125
659
575
211
395
963
759
865
16
258
629
961
861
680
116
518
127
263
805
509
191
763
728
465
874
311
739
234
583
900
579
674
965
185
381
593
919
205
188
818
64
429
29
931
950
247
523
453
707
278
521
75
152
370
656
293
175
715
564
915
970
941
802
496
74
744
207
337
505
382
811
301
584
344
50
228
508
394
390
370
256
927
445
443
129
316
862
765
447
254
174
941
387
865
725
93
825
738
103
884
636
922
586
855
155
725
465
750
54
459
724
777
632
858
321
994
363
522
121
824
766
408
897
595
922
48
202
68
474
331
776
513
540
868
505
275
799
207
827
866
805
900
643
411
809
179
887
376
903
77
160
249
381
785
1000
158
236
755
447
400
92
678
760
84
301
210
793
585
577
944
829
804
569
270
901
580
584
162
537
682
967
324
751
289
512
600
254
320
109
868
569
608
798
450
430
39
203
153
901
376
950
773
331
759
678
654
46
356
914
998
219
151
581
106
192
169
555
695
494
143
537
177
977
356
62
76
394
163
578
211
767
524
90
959
658
514
450
920
832
673
145
641
297
600
724
440
445
898
682
975
154
896
78
837
733
743
631
416
133
645
761
582
380
699
283
237
790
43
919
881
267
543
247
309
692
265
51
173
35
418
690
499
50
303
804
370
421
406
814
769
931
882
250
22
103
58
357
179
54
562
439
578
206
529
863
738
754
533
20
733
989
346
506
486
158
704
446
301
364
296
653
202
273
174
488
629
614
426
57
875
791
63
656
466
126
41
145
420
200
677
97
822
367
311
634
292
651
380
974
715
77
156
985
345
928
106
721
139
859
526
199
611
838
873
150
907
142
354
335
338
878
716
801
592
655
777
598
72
626
131
737
991
574
261
405
627
824
519
498
87
520
348
523
959
44
232
432
783
489
260
78
185
529
385
761
11
633
153
303
309
236
294
711
610
77
738
255
811
514
305
538
99
556
867
429
349
534
853
849
697
37
49
168
143
664
495
206
567
275
923
76
639
873
278
53
301
619
711
702
606
534
286
908
204
576
574
27
756
256
667
430
988
283
39
673
600
195
306
225
491
683
790
853
537
77
891
419
724
256
739
493
366
484
285
674
141
194
190
866
364
341
645
321
730
218
496
739
204
753
133
220
206
159
727
917
357
469
813
185
912
11
316
371
727
163
703
436
447
766
758
405
539
918
776
796
20
406
635
228
320
272
399
229
324
881
878
733
943
219
252
965
578
283
846
920
727
767
297
481
727
984
973
470
40
197
617
877
756
661
880
727
419
896
370
833
138
535
683
843
329
607
350
610
583
717
104
541
862
765
280
267
525
119
413
800
88
385
755
401
758
864
321
775
243
18
753
571
370
735
790
945
780
212
326
84
43
104
304
658
20
955
780
345
323
244
37
591
331
663
465
140
451
969
253
151
234
93
962
664
65
978
222
490
625
962
939
370
419
728
568
482
717
249
394
124
130
585
534
138
595
175
430
643
67
217
392
114
645
43
255
559
572
952
923
90
306
233
756
746
875
290
497
199
275
248
183
616
281
92
465
53
69
882
271
163
49
321
349
68
810
661
137
606
407
436
506
462
27
716
263
743
771
913
175
297
291
605
243
129
285
513
847
346
59
192
160
58
985
776
770
433
313
217
376
324
849
448
386
645
417
386
672
290
180
329
452
247
358
353
449
145
651
691
798
912
19
471
946
688
433
729
960
899
803
326
423
202
838
279
713
388
963
833
106
639
483
166
450
507
420
473
732
340
877
717
233
718
541
371
157
501
246
981
518
175
455
958
205
554
358
707
515
479
485
576
38
575
125
98
69
285
521
852
949
744
191
645
932
812
854
289
257
978
712
67
208
921
680
798
176
418
409
806
646
64
122
560
464
342
154
658
156
303
579
621
641
146
785
544
766
646
332
379
49
630
421
725
862
927
53
834
847
708
548
989
386
707
298
395
801
725
289
320
930
69
447
970
692
968
337
496
975
209
364
353
52
227
545
332
969
424
415
895
586
358
594
720
283
49
464
449
110
273
839
300
546
170
384
590
290
605
923
453
163
783
264
390
496
220
368
109
262
839
131
663
686
778
610
781
527
984
811
633
41
633
622
489
52
140
419
268
937
810
288
965
600
614
394
364
744
184
871
456
81
113
967
30
74
375
890
338
706
67
98
356
470
77
759
165
242
567
481
742
15
630
936
876
825
839
251
415
64
438
581
361
222
685
765
104
270
743
278
40
363
504
367
324
661
641
428
629
991
120
282
422
238
355
652
806
956
778
205
780
56
481
32
838
515
244
337
667
805
352
696
303
343
981
643
612
510
745
260
501
433
903
657
432
124
702
549
973
252
578
540
776
458
443
109
625
605
94
470
676
384
597
340
901
38
742
717
276
780
445
285
623
32
465
624
89
729
345
509
28
334
269
998
152
564
542
112
704
778
804
468
193
197
553
474
656
371
617
261
56
233
936
844
705
478
399
572
93
614
985
148
593
463
626
702
160
289
976
147
204
974
821
515
397
493
900
433
702
788
197
619
664
217
285
541
943
744
381
935
363
514
348
154
671
556
628
135
830
798
314
465
628
655
460
674
207
878
39
288
423
78
416
877
510
102
201
618
328
158
248
85
984
596
895
495
852
798
440
992
844
542
805
900
748
675
662
590
177
414
801
833
225
621
815
425
194
140
950
950
47
667
387
693
563
48
208
513
364
917
808
216
669
599
905
570
996
560
177
269
319
332
499
660
219
858
846
899
833
254
440
696
535
953
573
193
953
133
484
314
310
533
823
755
189
595
229
642
256
82
53
699
598
790
347
464
780
413
327
583
82
259
140
241
79
582
501
19
990
769
382
485
229
781
791
72
453
80
543
783
136
651
730
760
235
644
840
933
824
346
773
785
190
677
122
115
451
845
404
497
51
275
264
864
721
581
317
683
813
463
867
843
618
129
837
365
772
883
441
216
442
45
822
797
260
427
970
646
630
603
340
114
291
553
665
360
69
669
936
671
16
305
541
59
978
561
149
681
151
869
779
430
736
972
562
269
173
275
305
997
31
559
999
690
20
570
916
372
783
608
486
196
104
686
651
704
114
801
23
178
223
924
471
837
472
623
845
703
36
938
962
969
834
840
288
375
564
616
792
119
925
821
541
795
780
882
296
493
504
679
15
458
889
438
938
89
259
500
150
263
69
347
112
253
534
97
833
491
181
301
369
580
872
700
976
522
44
664
359
656
22
748
796
384
582
503
310
903
734
330
324
620
567
697
692
468
401
590
52
292
396
989
216
313
543
753
876
935
596
35
972
992
67
667
763
522
507
504
506
629
992
969
424
450
537
194
150
968
133
846
955
113
199
452
671
339
866
383
769
703
991
998
663
941
496
527
844
318
548
35
246
761
300
796
28
641
658
657
288
419
682
52
372
466
400
510
876
561
931
940
75
628
761
74
895
49
810
286
343
543
165
696
638
698
392
856
901
178
166
610
791
351
516
899
860
311
346
19
335
150
272
677
215
201
166
134
388
589
737
489
47
325
588
521
414
397
307
607
291
476
354
226
138
958
261
195
208
16
614
633
548
460
190
934
567
896
382
195
220
893
500
536
442
664
834
373
550
769
18
736
762
335
683
381
391
63
971
748
709
304
23
852
157
594
535
314
772
379
379
397
665
484
429
39
518
811
307
263
864
429
434
946
776
850
226
837
356
822
877
291
14
171
749
759
300
342
849
437
33
411
121
986
888
568
186
589
348
540
928
490
810
896
240
290
731
716
19
896
189
879
99
89
633
396
481
492
244
381
610
599
137
235
874
332
84
485
435
720
488
74
726
381
304
590
895
305
791
564
16
421
932
398
994
392
840
643
439
70
751
910
371
51
976
836
725
17
951
568
59
334
732
783
946
552
136
401
618
42
802
38
865
854
984
345
940
306
938
972
95
626
246
891
335
867
494
365
90
452
913
656
417
740
567
59
859
570
346
643
126
607
468
103
861
212
830
592
691
110
512
936
159
714
102
357
536
804
199
55
803
581
30
464
886
808
817
902
186
84
104
156
65
244
231
824
964
546
615
148
627
275
157
370
390
524
301
783
365
449
375
196
927
855
148
923
554
589
404
335
401
978
952
199
35
364
83
792
134
879
575
491
29
113
923
884
872
274
399
310
223
911
882
673
425
191
327
280
483
740
368
44
850
838
830
839
37
342
980
933
658
892
921
413
826
83
822
225
227
213
258
761
281
161
239
456
626
700
775
36
707
257
438
149
736
261
502
936
32
838
629
806
904
173
608
122
415
105
728
291
395
867
282
40
404
752
716
823
359
378
559
349
904
987
80
891
946
575
852
292
855
270
745
328
516
74
615
196
933
866
230
456
201
287
739
294
145
342
589
729
728
658
529
84
808
912
236
27
669
430
654
421
688
983
781
734
772
882
420
896
348
505
461
689
548
518
758
645
95
427
375
183
608
590
638
716
739
63
591
756
870
605
72
266
182
813
382
949
435
78
133
265
936
232
245
386
726
546
445
356
822
462
209
119
102
226
835
750
478
430
698
349
909
869
953
319
34
250
584
292
520
305
915
761
768
210
588
403
279
943
467
501
960
942
376
366
288
675
296
792
380
730
636
204
459
958
485
904
147
397
353
655
212
890
599
769
163
235
573
198
114
768
546
735
871
21
343
937
27
296
40
342
636
294
336
51
116
266
956
990
637
974
236
798
390
605
987
239
847
487
110
137
601
768
191
596
423
63
391
346
37
693
271
624
949
354
204
259
513
113
867
794
885
732
628
108
327
557
680
191
693
603
354
603
555
49
961
541
932
236
967
58
808
867
668
68
999
178
70
898
393
238
432
555
169
710
511
802
796
189
261
850
870
776
104
875
114
272
666
69
395
858
435
650
230
927
478
693
976
432
490
177
528
238
530
272
49
158
447
835
689
873
727
240
415
110
649
884
839
338
478
381
838
287
667
147
511
392
452
703
761
427
457
466
898
142
300
773
856
160
187
278
456
505
236
48
207
757
383
808
396
846
804
127
217
863
453
29
463
260
122
310
269
639
224
757
263
251
370
884
368
643
677
896
560
296
969
427
607
700
23
697
146
460
991
692
275
482
748
26
619
282
132
673
516
89
356
664
476
245
155
691
703
319
698
362
586
927
958
250
289
843
958
494
129
938
126
382
441
939
401
542
68
781
315
39
759
368
634
593
247
856
719
350
371
753
290
301
995
28
131
846
774
496
921
316
260
484
885
484
131
491
523
951
270
399
793
295
370
533
251
644
794
948
695
627
630
766
993
45
488
451
442
71
426
99
491
335
836
268
155
301
814
683
240
732
780
969
790
34
605
887
353
593
78
830
39
885
141
534
293
399
236
690
258
845
431
764
241
988
633
948
635
516
878
62
978
494
762
530
108
750
755
228
901
994
747
713
683
16
607
821
898
151
894
789
223
420
402
887
86
909
652
569
570
216
750
901
288
25
769
473
215
186
165
448
846
523
869
327
286
254
328
684
271
960
673
920
818
351
749
615
97
614
287
507
851
300
839
489
586
119
532
612
462
413
578
136
628
529
716
464
425
682
652
168
361
864
999
650
834
263
278
745
277
188
287
917
871
908
698
375
807
939
971
94
878
100
364
38
684
138
288
197
707
161
96
191
638
955
837
44
274
167
138
40
109
427
63
959
889
513
735
931
790
320
300
863
268
573
484
544
98
479
18
14
348
903
550
437
97
409
850
348
504
135
451
793
355
204
300
498
510
17
421
981
374
608
33
308
903
228
734
896
455
421
245
86
506
924
417
683
297
302
480
252
534
753
762
818
161
32
835
80
198
778
662
442
21
220
288
143
683
590
458
17
275
403
101
691
668
629
983
25
400
649
815
719
464
807
996
531
718
374
288
43
134
442
971
281
970
949
481
898
333
525
336
426
859
138
573
180
954
760
184
74
540
591
884
542
858
405
249
713
219
969
121
155
520
951
572
475
822
677
813
850
586
190
519
701
120
47
584
741
645
863
432
694
118
583
874
126
493
673
317
587
937
127
214
88
430
935
586
826
209
496
498
332
857
652
768
531
949
109
823
611
391
690
779
549
374
580
763
971
237
305
336
637
221
288
47
268
67
12
906
875
22
915
672
619
971
398
488
358
198
423
423
839
609
322
212
999
922
482
820
486
962
471
495
38
597
767
50
792
345
820
129
566
155
642
444
772
137
580
161
885
404
661
670
594
108
982
442
275
198
245
774
751
734
334
637
88
623
836
27
184
596
267
585
60
187
919
460
770
316
26
805
849
922
230
176
943
896
256
117
500
514
747
482
69
218
996
879
732
780
722
246
129
975
179
87
401
937
823
104
119
402
583
347
404
68
15
324
354
877
973
213
66
580
31
931
270
496
786
535
338
727
531
467
246
104
941
430
528
400
352
507
737
720
551
619
880
690
353
98
172
295
268
834
326
770
919
433
467
842
467
169
633
335
461
788
924
394
276
679
231
599
428
638
514
909
565
676
309
40
712
724
611
872
324
558
317
865
927
609
212
16
759
713
862
938
377
135
228
216
278
929
915
984
18
96
259
989
989
770
538
468
435
245
985
678
150
352
957
127
605
323
865
599
738
766
207
227
98
950
641
537
202
465
998
588
349
205
41
126
15
35
783
25
339
848
349
779
320
969
72
795
754
740
26
469
262
182
718
225
473
727
382
940
637
945
470
574
700
579
116
414
901
841
412
574
652
580
363
326
492
430
749
176
427
992
128
904
441
433
987
89
810
257
336
831
261
613
741
332
94
795
266
69
459
427
905
786
145
190
286
323
378
146
459
11
74
773
117
452
557
469
683
885
576
231
810
552
36
855
961
133
135
726
643
346
477
688
791
913
764
169
157
762
117
672
29
655
766
97
326
179
178
958
231
175
967
985
467
572
194
416
834
419
249
556
852
568
759
573
395
936
537
370
663
250
574
331
187
500
260
46
347
448
583
74
612
709
973
393
28
784
655
441
952
708
933
770
292
686
42
663
513
388
642
77
832
531
310
287
857
247
933
190
941
592
981
270
10
604
926
834
424
953
70
750
76
450
141
718
851
840
815
299
566
821
411
541
870
728
426
265
930
637
190
317
797
167
691
71
222
928
908
209
851
539
469
252
307
26
105
306
753
409
259
655
777
463
544
649
440
823
820
895
691
438
828
80
368
72
90
464
279
614
817
775
741
71
422
729
821
552
730
386
637
419
629
570
982
912
953
866
366
280
256
18
346
154
542
738
501
856
188
407
873
251
351
23
830
675
885
472
212
605
625
868
698
249
142
579
530
247
406
623
999
124
35
612
63
913
814
659
585
445
768
904
945
762
222
783
46
804
177
77
569
347
743
912
303
856
547
20
899
667
614
378
366
165
795
768
174
870
514
499
641
864
899
492
302
960
150
992
394
408
30
866
995
274
489
371
82
65
559
562
639
191
703
816
96
391
669
471
730
767
234
619
715
746
627
533
576
660
872
684
573
420
196
309
417
115
711
167
740
577
114
104
289
542
896
814
556
51
815
750
468
554
500
741
635
10
23
746
765
968
529
360
978
247
499
793
872
631
301
270
695
851
822
23
502
650
962
40
212
168
660
670
716
23
700
164
444
705
953
837
530
174
464
73
279
283
906
823
235
913
93
634
124
75
218
497
823
950
469
412
278
564
198
47
218
482
287
575
458
319
380
108
600
680
288
238
161
596
134
895
592
745
442
146
810
73
507
62
31
782
33
277
111
823
105
609
820
868
474
10
469
14
769
564
948
499
401
114
623
805
532
628
863
239
792
232
332
367
973
382
553
806
320
109
614
839
936
434
649
334
554
982
235
703
297
571
545
370
691
697
706
259
602
544
34
862
894
108
388
292
992
814
588
764
13
85
15
45
744
48
949
627
82
802
188
40
56
691
383
612
174
524
684
399
290
546
654
936
546
149
759
195
86
518
564
884
563
19
502
673
440
689
321
311
212
532
855
373
15
493
934
98
848
974
905
243
351
107
803
368
546
83
740
278
288
968
735
122
632
27
475
258
656
938
671
341
72
749
532
996
148
101
492
855
495
344
377
586
284
28
537
460
739
39
981
365
930
73
586
89
364
708
575
197
200
837
197
488
845
26
927
378
367
959
915
928
202
51
703
588
208
203
352
405
563
684
413
258
175
270
734
870
991
196
791
78
917
554
337
33
274
356
312
278
210
792
986
987
866
618
183
788
197
603
213
763
445
495
370
565
858
222
230
477
881
157
587
398
871
699
427
863
490
357
276
853
294
143
172
496
677
586
197
925
411
438
58
279
372
68
737
785
759
889
436
851
411
338
413
111
523
457
333
645
563
407
653
26
974
640
340
633
233
946
338
540
617
55
360
618
341
793
160
998
768
228
220
794
574
893
958
218
995
352
319
366
864
452
33
831
78
599
676
220
289
408
591
100
454
497
100
91
988
778
627
768
679
453
405
432
685
852
167
966
417
544
944
166
267
596
215
91
828
268
266
36
742
112
401
902
263
841
736
573
704
173
399
216
995
786
406
751
254
274
420
698
140
805
159
979
147
682
876
581
481
813
416
317
591
622
552
38
72
442
806
970
238
697
776
482
842
799
633
689
806
273
434
808
156
295
410
147
439
31
903
243
938
233
929
199
368
955
476
160
607
194
783
863
105
28
162
239
112
947
707
120
747
483
776
245
125
140
209
355
15
947
566
158
535
112
858
135
771
88
581
165
14
927
105
475
612
499
454
790
562
964
536
476
552
837
615
29
247
986
799
979
311
423
626
406
153
724
381
781
895
453
860
568
245
672
738
517
545
561
906
681
326
841
438
229
78
290
904
947
700
533
634
253
66
68
90
663
477
52
409
184
973
775
337
929
696
630
922
765
662
42
79
135
760
784
290
728
368
12
386
255
588
288
866
749
344
879
114
624
496
431
601
59
576
128
164
986
647
710
536
573
115
276
101
993
536
186
13
674
54
678
225
253
227
667
917
148
406
59
231
253
322
285
516
158
360
106
533
516
449
921
